ID,Cla_06,Cla_06R,Cla_07,Cla_07R,Cla_08,Cla_08R,Cla_09,Cla_09R
RVO2/282B,21.8,26,18,19.8,11.7,13.3,26.8,26.4
RVO2/276B,21.6,25.2,18.2,19.8,12.1,14.2,27.6,26.8
RVO2/310B,21.1,22,14.8,14.9,12.8,12.7,27.8,28.2
RVO2/417D,24.3,23.8,20,19.8,9.7,9.7,31.7,24.3
RVO2/576B,24,24.1,14.7,16.8,13,11.7,25.5,24.7
RVO2/297B,18.1,18.1,19.2,20.5,10.5,10.7,25.8,26.3
RVO2/442B,22,25.1,19.2,19.9,10.5,11.1,29.6,28.8
RVO2/186B,23.3,22.2,21.5,18.8,10.8,12.5,26.1,27.8
RVO2/180B,23.2,23.2,16.9,20,16.5,13.3,26.5,27.4
RVO2/49B,26.4,25.5,19.2,14.9,12.4,14,29.4,30.3
RVO2/117B,22,21.1,17.3,16.6,11.1,12.5,24.7,25.3
ZJO6/560B,26,27.7,20.9,22.2,14.8,13.1,28.4,28.9
ZJO6/437B,21.7,22,16,17,13.2,14.8,25.5,30.2
ZJO6/224B,26.2,24.7,25,24.8,11.1,12.6,33.3,35.3
ZJO6/628B,21.3,21.9,18.2,17.5,10.3,11.2,22.8,21.8
ZJO6/491B,28,29.6,17.3,17.1,10,11,26.8,27.3
ZJO6/155B,19.3,20,16.8,18.8,12.8,11.2,26.9,28.2
27-7-20/61079.0,16.5,17.65,12.71,13.54,8.6,8.89,16.65,15.59
93-3-20/48009.0,18.28,16.12,18.52,15.99,8.36,8.47,19.37,17.22
27-7-20/61022.0,14.85,17.96,13.56,13.4,7.64,8.01,15.56,15.35
27-7-20/61002.0,18.51,19.1,16.78,16.59,6.71,8.97,14.34,14.98
381137,22.2,23,15.3,16,10,9.8,22.1,21.8
325270,16,18.6,13.1,15.4,7.8,9.4,17.2,18
325266,27.2,25.3,22,21.1,12,15.4,26.4,28.7
325268,24.4,23.5,16.8,16,17.1,13.2,32.3,30.9
325269,22,23.9,14.9,14.8,16.7,13.3,20.9,22.3
325267,23.6,26.8,19.9,22.9,10.1,10.9,26.5,28.7
363722,22.6,27.2,17.7,17.9,12.7,11,24.9,20.3
364428,18.5,23.4,15,16.9,11.8,10.8,22.5,22
2001-008-I-01,23,27.5,17.1,17.8,10.7,11.4,17.2,17.1