ID,Cla_01,Cla_01R,Cla_04,Cla_04R,Cla_05,Cla_05R
UT1-87,170,171,11,12,11,11
UT15-89,168,161,10,9,16,15
UT17-91,156,152,13,13,11,12
UT17-92,167,162,10,10,13,15
UT2-81,163,156,14,15,11,12
UT2-93,162,162,14,15,10,10
UT6-86,151,159,12,12,10,12
UT71-3B,146,141,11,12,10,11
UT72-3,165,165,14,14,11,11
UT73-1,133,131,11,12,10,9
UT74-11,143,142,11,12,8,8
UT74-5,135,133,11,10,8,7
UT75-5,140,140,11,12,8,8
UT77-9,150,151,12,13,11,12
UT78-17,148,140,12,11,9,11
UT81-24,137,137,10,11,8,8
UT82-20,157,148,14,15,11,11
UT83-1,129,124,11,9,8,9
UT83-29,151,146,14,12,10,10
UT84-16,151,144,10,12,8,8
UT85-18,160,158,12,12,10,10
UT85-2,132,133,11,9,10,9
UT85-26,172,174,11,12,12,13
UT85-30,127,125,10,9,10,7
UT85-35,162,156,12,12,9,11
UT85-8,138,138,11,11,9,7
UT86-15,142,135,11,11,9,10
UT86-18,169,166,13,13,9,9
UT86-30,154,156,15,14,11,11
UT88-22,129,122,10,9,11,10
UT89-1,125,122,10,8,8,8
UT89-10,165,160,14,17,12,11
UT89-13/FA-89-67,143,139,10,10,9,9
UT89-23,161,155,14,14,10,11
UT89-24,129,124,10,10,7,8
UT89-9,100,103,7,8,6,6
UT90-28,180,175,13,12,13,12
UT90-44,159,159,17,17,13,13
UT90-8,156,160,14,14,11,11
UT91-30,149,148,13,14,9,9
UT91-34,155,143,11,11,8,8
UT91-36,152,152,16,16,11,12
UT91-42,173,171,16,16,10,11
UT92-15,168,167,14,14,11,10
UT92-28,131,135,12,10,11,11
UT93-42,165,166,14,14,11,11
UT95-15,72,70,7,6,4,5
UT95-25,166,164,13,13,11,11
UT96-31,99,100,6,6,6,7
UT96-32,105,107,7,6,8,8
UT96-33,142,134,10,11,12,14
UT96-35,153,159,12,12,9,9
UT97-185,155,151,12,14,11,10
UT97-20,155,151,14,15,10,10
UT98-13,157,156,11,11,14,14
UT99-3,128,130,9,9,7,9
RVO2/276B,157,161,10.9,12,12.7,13.9
RVO2/089B,154,149,13.8,13.8,14,12.8
RVO2/310B,148,148,10.6,11.4,12.1,10.9
RVO2/417D,163,161,12.4,13.7,9.4,10.2
RVO2/576B,163,160,12.3,10.8,10.3,9.6
RVO2/297B,156,157,13,12.7,9.3,9.5
RVO2/442B,168,162,14,13.7,9.8,11.8
RVO2/186B,168,167,13.1,12,9.3,11
RVO2/180B,148,140,13.2,14.8,10.5,11.3
RVO2/49B,155,155,13.1,13.9,11.2,11.3
RVO2/117B,165,159,13.1,12.7,10.9,12.2
ZJO6/560B,167,164,16.1,16.8,10.5,12.8
ZJO6/437B,160,153,12.1,12,12.8,14.1
ZJO6/224B,173,169,13.1,12.8,11.5,12
ZJO6/628B,155,158,12.6,12.9,10.5,11.1
ZJO6/491B,143,143,11.1,11.5,10.1,9.8
ZJO6/155B,174,168,13.6,11.5,12.6,14.4
OLOVO 1/3/1,162,161,12.5,12,11.5,10.3
2002-074,167,163,14.4,13.9,9.3,8.7
2002-150-I-02,153,149,13.3,13.6,10,9.5
27-7-20/61062.0,159,157,11.72,11.8,7.38,8.13
27-7-20/61079.0,140,138,10.7,10.54,9.06,9.78
93-3-20/48009.0,132,130,11.35,11.04,8.31,7.82
27-7-20/61022.0,142,142,9.67,9.68,6.28,6.02
27-7-20/61002.0,132,133,8.18,8.12,7.62,7.96
381137,142,140,10.3,11,9.4,8.8
385723,130,127,11.7,12.6,9.3,9.7
325270,117,117,8.4,9.3,7.5,9.1
325266,155,151,11.8,13.2,12.9,12.6
325268,156,151,11.1,10.7,11.4,11.7
325269,147,145,12.5,12.4,8.8,9.3
325267,155,153,12.9,12.9,11.4,11.1
363722,150,146,11.2,9.7,9.6,10.2
363723,139,130,11.4,11.8,8.8,9.4
364426,145,139,11.4,12.1,11.5,13.3
364428,147,143,11.5,12.5,9.8,10.9
2001-008-I-01,160,159,12.1,12,10.5,10.5
2011-026-I-01,157,159,13,13,8,8
2011-027-I-01,155,151,14,15,10,11
2011-028-I-01,173,153,13,12,9,11
2009-130-I-02,168,163,10,10,13,13
DS 001,153,142,12.5,13.4,10.8,10.5
DS 034,160,159.5,13,14.1,11.2,11.7
DS 035,156.5,156,13.5,14,12.4,12.6
DS 009,147,142,14,13.3,11.3,14.7
DS 033,146,144,15,15.3,13.3,12.5
DS 006,152.5,152,12.5,13.4,10.9,10.5
DS 011,146,141,11.6,11,8.9,10
DS 010,139,141,9.4,9.5,7.7,8.1
DS 003,150,148,13.1,13.3,9.3,10.5
DS 004,155.5,154,11,13.2,10.8,11
DS 005,155.5,151,10.8,13.9,9.7,10.9
DS 008,146,141,10.7,10.4,9.5,10
2013-116-I-01,161,161,12.4,12.8,10.6,10.3
2013-121-I-01,148,150,12,13.3,10.4,11.2
2013-122-I-01,166,163,15,15,12,12
2013-148-I-01,137,132,13,1,9,8
2013-175-I-01,161,162,13,14,10,10
2013-176-I-01,142,138,16,12,8,9
2013-204-I-01,166,162,13,14,11,12
