Stature,Anc,Hum_01,Rad_01,Uln_01,Fem_01,Tib_01,Fib_01
185.5,W,359,275,289,512,438.5,429
190.1,B,350.5,280,305,513,454,444
166.4,W,330,243.5,260,458.5,372,365.5
186.7,W,,,,502,,
170.2,W,,,,,,
181.6,W,,,,,,
180.34,W,,,,,424,
177.8,W,,,,,,
177.8,B,,265,,,,406
171.5,B,,,,466,,
172.72,W,,,,,,
167.6,W,,,,,,
174.6,W,347,253,281,474,397,395
167.6,W,332,245,268,457,382,372
179,W,342,,,495,410,390
175.3,W,,,,,,
172.7,W,341.5,249,263.5,471,386.1,370.5
165.735,W,,,,,,
171.5,W,322,238.5,260,447,378,
189.2,W,,273,,,,
193,W,,,,,,
166.37,B,333,263,280,471,,402
182.9,B,351,280,294,513,433,421
161.3,B,319,259,276,456,390,386
158,B,310,232.5,256,429,357,351
152,B,280,215.5,231,400,330,325
150,W,294.5,214,227,395,312,308.5
190,B,402,311,332.3,538.5,461,455
163,B,,251.5,276,472,399.5,390
163,B,323,259,282,436,360,360.5
184,B,357,285.5,295,503.5,434,425
161,B,327.5,245,,439,383.5,372.5
195,B,383,314,332.5,563,469,468
177,W,329,243,260,441,364,357
185,W,345,275,297,529,445,446
182,W,343,265,283,475,410,409
167,W,328,253,272,455,386,384
180,W,347,262,281,484,396,395
175,W,327,253,270,501,404,394
173,W,330,250,270,463,376,364
178,B,,,,,,
178,W,332,259,274,458,382,378
178,W,329,253,274,468,383,382
178,B,,,,,,
179,W,327,253,269,450,396,392
171,B,,,,,,
180,W,330,246,262,463,384,370
188,W,331,262,283,479,395,390
168,W,324,242,258,448,375,373
168,W,319,233,252,460,376,369
173,B,,,,,,
170,B,,,,,,
183,W,365,277,293,509,421,425
165,W,306,229,247,425,341,339
171,W,313,248,265,473,393,378
168,B,315,236,257,450,373,362
175,W,335,248,264,474,387,386
180,W,322,245,264,460,400,397
178,W,344,251,,475,385,382
180,W,,248,,,,373
175,W,333,,,,,
180,W,347,267,288,485,407,398
178,W,,,,482,,
170,W,,,,,,
163,W,,,,,,
182,W,,,,,,
171,W,326,242,260,448,357,349
180,W,358,264,278,495,401,390
173,W,,,,468,,387
173,W,345,268,,477,,
175,W,360,276,298,477,430,415
178,W,351,257,272,473,390,388
178,W,344,254,269,463,371,366
180,B,362,275,293,505,424,405
173,W,332,251,266,,,
183,W,,,,516,,
180,W,339,256,280,477,399,397
155,W,,,,478,387,
186,W,358,282,302,502,442,428
170,W,340,244,261,455,376,376
165,W,340,253,266,453,385,382
180,B,343,257,276,486,418,
180,B,370,278,292,520,429,420
178,W,340,258,278,482,405,397
168,B,,262,,470,394,
185,W,342,252,283,495,411,
180,W,341,256,276,,,380
193,W,359,268,280,513,414,410
175,W,333,251,273,469,391,381
173,B,347,269,288,476,396,393
182,W,337,261,282,487,424,410.5
183,W,324,251,270,449,391,390
185,W,358,281,305,507,435,425
183,W,350,260,282,490,391,387
188,B,363,295,309,530,446,429
170,B,342,261,280,486,404,390
165,W,307,227,245,427,336,334
191,W,354,272,283,547,432,445
185,W,,,,,,
177.8,W,,,,,,
172.7,W,,,,,,
175.6,B,333.5,257,275,475,393,386
178.5,B,367,278,297,495.5,410,397
165.8,B,328,249,269.5,441,359,339
178.3,B,361,272,286,492,420,415
188.5,B,371,284,306,529,461,448
157,W,288.5,212,227,393.5,324,324
187,B,380.5,287,306,538.5,470,454
182.9,W,,,,,,
198.5,B,370,288,298,520,437,421
193.4,B,360,263,279,502,413,411
192.3,W,372,262,275,530,422,429
194.5,B,358,290,308,527,442,436
192.4,B,375,292,314,524,443,431
197.5,B,385,309,330,554,475,
193.8,B,362,287,308,513,450,440
191.4,B,358,287,302,537,435,424
175.2,W,358,263,280,463,406,397
174.6,W,348,249,265,493,382,373
183.7,W,348,260,277,497,402,391
176,W,345,250,266,467,371,367
172.5,W,330,248,264,463,355,354
166.6,W,285,220,,432,354,332
180.3,W,341,253,279,484,394,
175.3,W,326,256,270,472,395,379
181,W,354,251,269,494,388,378
182.9,W,348,270,293,505,410,403
186.7,W,346,256,273,497,386,379
170.8,W,345,253,,470,372,
177.8,W,328,254,271,474,387,381
177.8,W,,259,278,482,392,
180.3,W,341,257,276,484,404,402
182.9,W,364,272,,502,422,421
179.1,W,344,257,273,495,414,398
182.2,W,351,266,284,517,402,403
187.3,W,363,275,295,520,420,
177.8,W,347,266,,467,406,394.5
180.3,W,348,266.5,290,500,403.5,
182.9,W,359,269,290,509,432.5,411
184.2,W,351,268.5,,501,423,
189.2,W,358,260,279,537,451,448
167.6,W,338,237,253,443,365,362
178,W,340,260,,465,382,
177,W,340,257,,481,397,395
176.5,W,336,,,466,390,
171.5,W,316,218,250,445,365,
172.7,W,341,,,472,,
165.1,W,297,,251,433,359,352
182.88,W,356,,,,,
175.26,W,316,255,,,,
174.6,W,310,,,464,,
177.2,W,,,,503,408,407
172,W,,,,466,380,371
182.88,W,359,260,279,518,426,421
175.26,W,,,,458,,
