Sex,Anc,Stature,Hum_01,Rad_01,Uln_01,Tib_01,Fib_01,Fem_01
F,B,142,282,216,233,334,319,397
F,W,142,282,210,229,327,319,406
F,W,142,272,192,204,300,297,383
F,W,143,,200,215,326,317,396
F,W,146,288,198,219,321,313,426
F,W,147,285,228,250,345,334,404
F,W,147,276,209,234,327,326,396
F,B,150,284,213,229,,,416
F,W,150,272,,,,318,387
F,B,150,295,220,235,332,321,407
F,W,150,276,200,219,316,314,392
F,W,150,308,230,244,381,365,428
F,W,150,279,208,223,326,,400
F,B,151,,,,,,427
F,W,151,320,237,250,385,376,461
F,W,151,286,224,242,358,350,416
F,B,152,272,221,231,337,321,
F,W,152,287,220,236,335,321,405
F,W,152,284,212,231,342,334,401
F,W,152,278,206,223,328,326,408
F,W,152,330,225,246,366,356,452
F,W,153,280,218,234,348,344,411
F,B,153,294,228,245,341,334,422
F,B,153,308,220,247,352,341,386
F,W,153,300,226,245,367,,427
F,W,153,302,221,240,347,339,415
F,W,153,,,,,,390
F,W,154,325,231,247,355,351,
F,W,154,296,216,234,341,334,418
F,W,154,288,216,231,337,339,413
F,W,155,301,233,249,,,437
F,W,155,303,235,245,342,337,427
F,W,155,294,214,232,328,327,412
F,W,155,299,236,254,352,339,437
M,B,155,308,244,266,371,361,446
F,W,155,303,231,247,,,419
F,W,155,283,213,230,333,326,398
F,W,155,302,227,243,355,347,432
F,W,155,286,205,223,326,318,405
F,W,155,308,228,243,366,365,436
F,B,155,292,211,226,340,329,415
F,W,155,296,,,325,,405
F,W,155,297,231,252,350,336,411
F,W,155,287,217,233,338,330,410
F,W,155,307,,246,357,,443
F,W,155,315,230,246,355,343,435
M,W,155,303,240,252,351,339,424
F,W,155,310,243,257,369,359,460
F,W,155,289,220,237,326,323,
F,W,155,290,216,230,336,323,407
F,W,155,305,223,238,345,337,420
F,W,155,282,214,227,341,333,411
F,W,156,309,225,239,357,354,434
F,W,156,307,220,231,345,340,424
F,W,156,310,221,242,362,348,433
F,W,157,314,223,239,350,342,432
M,W,157,293,,240,,,
F,B,157,302,237,254,348,345,432
F,W,157,293,222,238,333,342,416
F,W,157,290,213,238,350,341,419
F,W,157,292,211,231,352,345,423
F,W,157,294,204,219,330,320,418
F,W,157,313,215,248,369,355,453
F,W,157,302,230,242,371,358,450
F,W,157,290,216,236,333,325,404
M,W,157,311,229,250,348,341,435
F,W,157,286,216,232,331,323,422
M,B,157,308,244,264,354,350,440
M,W,157,310,232,251,349,353,428
M,W,157,307,236,252,345,342,412
F,W,157,287,219,239,348,348,428
F,W,157,292,215,227,335,329,409
F,W,157,287,215,236,349,341,431
F,W,157,322,227,243,370,362,433
M,W,157,317,244,258,,374,
F,W,158,300,219,237,343,332,437
F,W,158,298,,,335,333,425
F,B,158,319,247,268,371,364,442
F,W,158,294,217,232,338,330,419
M,B,158,311,249,260,,351,436
F,B,158,314,242,263,371,358,437
F,B,158,306,239,255,354,339,412
F,W,158,312,221,239,361,351,445
M,W,158,322,239,256,356,361,456
F,W,158,305,231,251,369,357,453
F,W,158,309,228,245,349,348,419
F,W,158,279,206,223,331,320,410
M,B,159,,,,398,396,455
F,W,159,308,223,238,352,346,436
M,W,159,299,229,251,363,357,433
F,B,160,309,236,248,364,358,433
F,W,160,302,,,,,
M,W,160,302,223,247,351,350,421
F,W,160,323,238,255,,363,435
F,W,160,289,209,221,320,312,398
F,W,160,316,214,226,356,348,437
F,W,160,308,222,238,355,346,
F,B,160,306,236,258,382,380,433
F,B,160,288,199,215,363,350,426
F,W,160,,,,346,,424
F,W,160,,,,361,,421
F,B,160,307,240,,344,,421
M,W,160,304,234,245,349,345,449
F,W,160,305,222,236,351,349,440
F,B,160,294,221,235,,,431
F,W,160,288,208,222,335,,418
M,W,160,339,255,267,395,383,458
F,W,160,319,230,239,364,354,436
F,W,160,,,,327,328,410
M,W,160,302,233,253,329,322,434
F,W,160,290,218,233,344,345,428
F,W,160,293,,,342,,424
F,W,160,298,219,243,344,333,435
F,W,160,,220,,,,430
F,W,160,300,220,235,348,346,449
M,W,160,313,242,263,375,370,461
F,W,160,,237,252,359,350,429
F,W,160,301,221,238,353,352,426
F,W,160,299,229,240,348,347,424
F,W,160,321,247,270,370,357,447
F,W,160,298,214,236,334,330,428
F,W,160,298,218,234,349,341,422
M,W,161,324,257,277,389,383,460
M,W,161,313,245,263,372,360,441
F,B,162,310,237,254,362,356,451
F,W,162,288,221,245,373,351,436
F,W,162,302,235,247,356,350,
F,W,162,315,238,258,389,383,461
M,W,162,307,231,254,352,347,420
M,W,163,306,,,,,
F,B,163,303,231,247,,,425
F,W,163,295,212,227,335,324,414
F,W,163,298,224,236,343,,433
M,W,163,311,232,249,345,,429
F,W,163,284,220,,,,
F,W,163,311,228,250,368,359,444
F,W,163,,,,,339,438
F,B,163,309,227,244,359,,434
F,W,163,320,234,258,,353,430
F,W,163,,220,235,,,
M,W,163,330,237,253,366,363,459
F,W,163,311,237,253,360,347,437
F,W,163,315,228,251,353,347,436
F,W,163,,,,,,434
F,B,163,302,234,253,,370,443
F,B,163,,,,362,,452
F,W,163,307,231,240,,,438
M,B,163,318,259,281,386,370,444
F,B,163,323,245,263,368,376,460
M,B,163,319,268,292,383,386,475
F,W,163,286,219,232,,,433
F,W,163,,,,,,425
F,W,163,325,230,252,378,369,458
M,B,163,329,252,267,367,356,467
M,W,163,303,227,245,350,343,431
M,W,163,320,246,265,371,354,450
F,W,163,319,235,256,360,349,
F,W,163,303,238,255,353,352,436
F,B,163,330,247,260,378,358,454
F,W,163,297,218,232,343,334,413
M,W,163,310,248,265,359,354,424
M,W,163,302,230,249,358,344,439
F,B,163,317,237,,369,363,444
F,W,163,291,213,230,339,327,424
F,W,163,310,231,246,365,358,451
F,B,164,294,217,230,355,336,408
F,B,164,291,213,230,349,345,445
F,W,164,298,218,237,337,335,427
F,W,164,310,235,260,370,355,445
F,W,164,289,199,221,335,326,403
M,W,164,333,249,266,397,392,465
M,W,164,315,244,263,366,357,443
M,W,164,312,230,248,347,344,432
M,W,164,347,259,276,399,394,478
F,W,164,308,244,261,380,363,458
M,W,164,326,241,259,374,364,483
M,W,164,314,238,256,360,357,435
M,W,164,313,234,251,371,365,450
M,W,164,329,251,263,382,376,457
M,W,164,336,248,264,382,379,468
F,W,164,336,254,270,396,382,494
F,W,164,306,241,260,363,362,437
M,W,164,341,244,266,,,459
F,B,165,304,246,264,392,383,467
M,W,165,,,,,359,
F,W,165,314,239,254,362,364,432
F,W,165,308,226,243,355,351,420
F,W,165,315,233,246,357,,438
F,W,165,311,228,250,368,357,438
M,W,165,289,207,238,327,313,420
F,W,165,298,,251,359,355,438
F,B,165,325,237,250,379,365,443
F,W,165,322,229,246,368,347,448
M,B,165,328,256,272,,,
F,B,165,307,230,244,365,355,449
F,W,165,292,220,235,360,352,448
M,B,165,321,249,266,373,370,437
F,W,165,309,235,252,380,365,445
F,W,165,303,237,249,356,348,451
F,W,165,306,226,248,347,344,439
M,W,165,340,253,266,385,382,453
F,W,165,314,227,240,363,356,447
F,B,165,306,250,268,355,354,446
F,B,165,314,225,242,370,356,431
M,W,165,325,256,267,,,471
F,W,165,302,215,232,357,339,435
M,W,165,307,227,245,336,334,427
M,W,165,328,238,263,388,380,480
M,W,165,306,229,247,341,339,425
F,W,165,313,,,,,450
F,W,165,,,,,,450
F,W,165,314,,,356,,444
F,W,165,309,231,248,349,344,424
F,W,165,310,236,252,371,366,462
M,W,165,340,250,266,364,372,467
M,W,165,316,231,258,348,344,442
F,W,165,276,211,231,348,343,422
F,W,165,294,217,240,365,359,437
M,W,165,316,242,261,373,371,432
F,W,165,311,225,245,363,356,441
M,W,165,326,243,261,368,366,449
F,W,165,301,225,240,356,354,433
F,W,165,302,245,262,367,359,441
M,W,165,326,233,249,,,
F,W,165,315,242,259,367,364,445
F,W,165,307,231,243,356,344,436
M,W,165,340,257,278,399,389,471
M,B,165,336,243,262,,373,455
M,W,165,274,225,245,354,348,425
M,W,165,303,231,248,365,360,440
M,W,165,341,256,271,379,374,450
M,W,165,307,235,244,364,362,418
M,W,165,318,250,266,379,377,451
M,W,165,318,243,262,371,366,467
F,B,165,317,238,252,375,371,456
M,W,165,324,243,264,363,361,441
F,W,165,307,235,250,371,360,460
M,W,165,323,250,271,382,,445
F,B,166,297,240,260,354,356,430
F,B,166,304,237,260,367,366,437
F,B,166,309,244,257,381,375,449
F,B,166,329,262,280,379,373,467
M,W,166,318,249,266,368,361,447
F,W,166,299,226,240,334,320,
M,W,166,307,236,252,364,364,445
M,W,166,313,233,246,363,357,414
F,W,166,304,,236,350,346,432
F,W,166,307,228,243,356,345,447
M,B,166,322,242,264,379,371,465
M,W,166,325,262,282,373,376,465
M,W,167,309,242,261,360,355,441
M,B,167,325,234,258,371,368,458
M,W,167,328,253,272,386,384,455
M,W,167,318,246,266,369,359,453
M,W,167,276,199,217,321,310,403
F,W,167,317,237,250,375,358,450
M,W,167,317,236,254,373,363,443
M,W,167,330,258,285,376,375,479
M,W,167,341,248,264,399,394,490
F,W,167,317,246,260,371,365,452
M,W,167,324,255,277,391,390,462
M,W,167,345,259,272,407,405,492
F,W,167,336,249,263,391,388,466
M,W,167,301,232,250,359,355,427
F,W,168,294,,,342,,435
F,W,168,308,237,258,384,375,450
M,W,168,320,246,262,351,350,441
F,W,168,303,221,244,356,343,444
F,W,168,321,231,246,364,366,455
F,W,168,335,,,372,364,459
M,B,168,317,246,266,363,356,429
F,B,168,321,249,,,,461
M,W,168,341,,,383,372,478
F,W,168,317,230,247,374,373,462
F,W,168,,,,382,363,457
F,B,168,302,242,266,,365,435
M,B,168,323,263,283,406,387,482
M,B,168,,262,,394,,470
F,W,168,316,228,248,364,362,450
F,W,168,329,230,243,365,361,457
M,W,168,324,242,258,375,373,448
M,W,168,319,233,252,376,369,460
M,B,168,315,236,257,373,362,450
M,W,168,311,232,247,353,350,445
F,W,168,299,227,241,,,
M,W,168,331,250,,371,,475
M,W,168,328,252,268,391,,448
F,W,168,309,229,250,371,367,454
M,W,168,332,251,265,372,367,480
F,W,168,315,244,263,382,377,465
F,W,168,,241,253,,384,
F,W,168,309,250,269,381,364,456
F,W,168,315,244,263,382,377,465
F,W,168,310,,,345,352,429
F,W,168,316,241,256,,,450
F,W,168,309,236,252,381,367,458
F,W,168,301,221,239,354,349,431
F,B,168,310,248,265,385,378,454
M,W,168,325,254,272,395,386,471
M,W,168,335,271,289,394,389,482
M,W,168,310,224,239,355,356,455
F,W,168,,,,,355,449
F,W,168,332,240,255,369,367,454
M,W,168,324,242,264,389,373,459
F,W,168,296,229,245,362,354,448
F,W,168,,,,356,350,442
M,W,168,323,249,268,381,387,455
M,W,168,311,242,258,371,361,437
F,W,168,324,235,249,365,367,460
M,W,169,,,,,,468
F,W,169,302,227,245,360,364,429
M,B,169,341,271,291,,405,494
F,B,169,306,235,251,368,357,445
M,B,169,334,264,280,390,377,482
F,B,169,332,246,263,385,374,450
M,W,169,312,228,248,356,354,435
M,W,169,327,244,257,374,371,456
M,W,169,346,251,271,375,372,461
M,W,169,336,248,266,393,385,483
M,W,169,320,245,262,372,364,436
M,W,169,336,256,276,390,392,479
F,W,169,319,241,257,372,371,456
M,W,169,321,251,272,397,390,452
M,W,170,,,,388,388,
F,W,170,322,245,266,398,,458
M,W,170,322,232,251,354,,
M,W,170,324,236,250,347,346,447
M,W,170,303,235,249,363,361,434
F,W,170,324,,,363,361,454
M,W,170,329,251,269,383,388,473
M,W,170,,,274,,,
F,W,170,,,,,,441
M,W,170,331,243,266,374,373,459
M,W,170,,,256,,362,
F,B,170,329,248,263,400,383,473
M,B,170,336,253,273,,,447
M,W,170,342,244,263,385,375,489
F,W,170,313,,,,,453
F,W,170,,,253,372,,448
M,B,170,354,278,296,422,409,510
M,W,170,340,244,261,376,376,455
F,B,170,311,,,,,
M,B,170,342,261,280,404,390,486
M,B,170,324,255,275,394,385,475
M,W,170,313,237,256,371,,470
M,W,170,,,,370,,461
M,B,170,329,259,274,392,384,463
M,B,170,315,246,262,380,372,456
F,W,170,318,246,260,385,374,458
M,W,170,322,,,,,
M,B,170,344,,,417,,495
F,W,170,291,223,242,344,345,448
M,W,170,330,247,266,,,450
M,B,170,339,,,,,
M,W,170,,,,352,,452
M,W,170,339,270,284,403,384,476
M,W,170,341,254,273,397,391,473
M,B,170,328,253,272,402,404,444
M,W,170,344,248,,385,381,
F,W,170,327,249,263,374,367,450
M,W,170,328,241,260,356,355,454
M,W,170,331,241,257,380,373,451
F,B,170,310,241,262,373,365,441
F,W,170,328,,,,,
M,W,170,330,,,,,
F,W,170,,,,363,356,448
M,W,170,318,234,,358,353,448
M,W,170,327,249,271,387,380,452
M,W,170,344,253,264,385,377,483
F,W,170,,,,359,352,
M,W,170,326,233,249,388,375,459
M,W,170,360,265,287,424,416,510
M,W,170,335,255,281,395,385,480
M,W,170,336,258,277,387,386,469
M,W,170,321,236,258,364,357,448
M,W,170,327,258,276,383,375,453
M,W,170,321,242,252,370,364,472
M,W,170,355,256,269,400,395,488
F,W,170,290,232,249,371,365,440
F,W,170,321,230,252,361,360,439
M,W,170,307,225,244,346,344,450
M,W,170,320,247,260,363,364,443
M,W,170,308,236,250,376,367,446
M,W,170,325,256,276,386,376,448
F,W,170,303,228,243,360,356,436
M,W,170,343,255,270,396,384,484
M,W,170,332,252,268,387,388,472
M,W,170,314,234,252,366,366,434
M,W,170,328,243,264,374,361,457
M,W,170,311,231,252,360,354,430
M,W,171,326,242,260,357,349,448
F,B,171,312,243,261,383,382,462
F,B,171,334,255,271,408,401,491
M,W,171,313,248,265,393,378,473
F,B,171,324,233,250,381,368,449
M,B,171,328,254,271,372,369,457
F,B,171,337,251,269,398,389,468
M,W,171,328,246,264,389,384,452
M,W,171,338,245,268,380,366,473
M,W,171,325,238,262,369,366,451
M,W,171,339,263,279,388,388,471
F,W,171,311,225,240,374,370,447
M,W,171,314,243,259,375,368,452
M,W,172,,,270,383,375,472
M,W,172,324,,259,,,450
M,B,172,326,250,271,388,390,475
F,B,172,321,252,267,400,401,489
M,W,172,340,262,276,403,393,498
M,W,172,355,264,288,402,403,
M,W,172,353,266,284,410,398,486
M,W,172,296,239,257,375,366,452
F,W,172,312,229,249,360,356,434
M,W,172,356,260,279,433,427,514
M,B,172,313,263,277,402,396,474
M,W,172,344,261,,396,400,474
M,W,172,319,243,258,379,373,462
M,W,172,361,252,277,430,417,505
M,W,172,339,255,271,393,387,468
M,W,172,332,251,265,374,365,449
F,W,172,305,238,254,384,375,454
M,W,172,321,236,251,394,390,483
M,W,172,337,267,288,394,390,468
M,W,172,320,255,276,389,385,472
F,W,172,324,237,253,406,400,470
M,W,172,321,245,263,392,384,454
M,W,172,350,265,285,404,406,491
M,W,173,327,255,274,378,384,459
M,W,173,342,,,,,443
M,W,173,,,,,387,468
M,W,173,345,268,,,,477
M,W,173,332,251,266,,,
F,B,173,,,,,,485
F,W,173,330,242,265,,,473
M,W,173,309,243,264,350,351,450
M,W,173,344,,270,378,378,472
M,W,173,320,,,,367,
F,W,173,312,248,266,404,401,480
M,B,173,333,261,,415,405,481
M,W,173,319,246,254,375,,464
M,W,173,327,,,397,401,463
M,W,173,,,,399,391,
M,W,173,,,,381,,454
M,B,173,348,267,283,403,392,500
M,B,173,339,278,297,402,395,486
M,B,173,354,261,286,421,412,485
M,W,173,334,247,270,374,369,471
M,B,173,347,269,288,396,393,476
M,W,173,324,244,258,363,364,441
M,W,173,330,250,270,376,364,463
F,B,173,311,245,264,371,365,451
M,B,173,340,265,277,398,386,465
F,B,173,319,,,412,404,471
F,W,173,346,257,275,,388,
M,W,173,341,256,273,396,393,483
M,W,173,324,240,262,388,382,456
M,W,173,351,259,279,409,,496
M,W,173,334,253,273,394,391,462
F,W,173,279,208,224,327,,400
M,W,173,331,249,270,398,390,476
F,W,173,315,236,253,376,368,437
M,W,173,325,251,271,386,376,447
M,W,173,326,245,266,379,366,462
M,B,173,325,,,393,391,470
F,W,173,311,224,240,386,371,450
M,W,173,338,259,277,401,397,475
M,B,173,325,,,393,391,470
F,W,173,321,,252,,,
M,W,173,337,256,272,389,382,481
M,B,173,357,271,290,433,424,519
M,W,173,334,245,259,395,384,482
M,W,173,350,254,271,389,391,487
M,W,173,333,251,266,386,385,456
M,W,173,304,233,248,371,369,
F,W,173,323,244,260,401,384,464
M,W,174,324,249,255,392,373,476
F,B,174,342,272,290,418,407,489
M,B,174,327,252,269,394,388,469
M,B,174,323,253,271,367,365,444
F,W,174,338,252,270,387,,473
M,W,174,340,251,273,396,384,505
F,W,174,335,254,268,404,398,489
M,W,174,330,257,278,404,391,466
M,W,174,339,249,265,389,380,470
M,W,174,339,254,271,399,395,468
M,W,174,326,242,262,374,367,442
M,W,174,332,262,282,415,408,506
M,B,174,337,256,276,387,390,479
M,W,174,345,266,281,387,384,475
M,W,174,336,257,277,401,390,465
F,W,174,336,250,268,384,392,472
M,W,174,354,266,287,408,403,500
M,W,174,314,243,257,380,375,447
M,W,174,340,,263,383,380,470
M,W,175,333,245,272,384,374,464
M,W,175,339,245,271,378,367,459
M,W,175,319,238,254,365,358,457
F,W,175,342,240,254,379,368,476
M,W,175,333,,,,,465
M,W,175,,,257,,,
M,W,175,316,233,251,366,360,463
M,B,175,333,260,273,398,383,480
F,W,175,316,244,260,390,374,473
M,W,175,327,253,270,404,394,501
M,W,175,336,256,274,388,377,464
M,W,175,326,248,262,389,384,461
M,B,175,338,270,288,400,395,484
M,W,175,328,239,262,372,358,455
M,W,175,,,,,,478
M,W,175,335,248,264,387,386,474
M,W,175,362,269,286,425,420,517
M,W,175,336,259,278,394,389,468
M,W,175,333,251,273,391,381,469
M,W,175,318,249,274,392,378,461
M,W,175,342,247,260,390,381,481
M,B,175,325,264,278,389,392,465
M,B,175,,,,416,405,
M,B,175,339,266,289,415,402,495
M,W,175,332,252,270,381,370,459
M,B,175,340,270,290,404,397,499
M,W,175,333,257,,,401,497
M,W,175,335,249,267,399,389,489
M,W,175,323,243,258,357,356,446
M,W,175,347,256,272,403,399,492
M,W,175,325,246,268,389,384,475
M,W,175,336,248,,387,379,475
M,W,175,319,241,265,385,377,470
M,W,175,330,250,270,397,389,478
M,W,175,347,250,268,401,390,492
M,W,175,341,249,276,397,395,471
M,W,175,,262,,,,
M,B,175,333,278,297,398,401,478
M,W,175,340,252,271,382,379,473
M,W,175,336,245,257,,,
M,W,175,338,266,285,400,387,478
M,W,175,328,255,272,,,480
M,W,175,349,263,283,403,398,485
M,W,175,351,258,277,379,379,472
M,W,175,327,240,258,386,379,468
M,W,175,327,250,271,379,373,465
M,W,175,346,263,285,395,393,471
M,W,175,325,245,266,384,379,455
M,W,175,325,248,266,373,373,462
M,W,175,324,242,260,,,464
M,W,175,335,252,263,384,376,480
F,W,175,346,246,261,393,392,461
M,W,176,340,257,272,398,400,485
M,B,176,337,,269,382,382,461
F,B,176,322,257,267,395,386,479
M,W,176,344,262,274,392,376,470
M,W,176,346,259,280,386,379,470
M,W,176,309,243,266,377,376,462
M,W,176,332,257,278,389,378,469
M,W,176,352,261,282,380,370,469
M,W,176,338,255,270,382,382,469
M,W,176,329,248,264,387,378,464
M,W,176,321,252,272,376,376,470
M,W,176,350,254,273,421,404,472
M,W,177,344,250,266,368,362,488
M,W,177,329,243,260,364,357,441
M,B,177,352,278,297,417,405,515
M,W,177,330,253,271,378,377,454
M,W,177,354,274,295,445,420,511
M,W,177,330,250,267,392,384,471
M,W,177,342,258,278,388,376,473
M,W,177,333,259,282,411,401,471
M,W,177,322,251,270,389,385,482
M,W,177,338,252,274,378,381,471
M,W,177,353,268,288,414,413,481
M,W,177,347,263,283,424,417,504
M,W,177,335,260,281,389,389,462
M,W,177,334,263,277,407,403,479
M,W,178,324,245,265,390,377,
M,W,178,351,257,272,390,388,473
M,W,178,344,254,269,371,366,463
M,W,178,313,,,369,,
M,W,178,346,255,274,398,385,479
M,W,178,,256,271,397,,487
M,W,178,344,251,,385,382,475
M,W,178,,,,,,482
M,B,178,338,277,,411,,483
M,W,178,333,252,269,393,390,477
M,W,178,349,,,391,,493
M,B,178,367,277,297,411,397,496
M,W,178,331,255,278,405,406,478
F,W,178,323,,243,,,
M,B,178,359,,,,,
M,B,178,340,277,301,431,413,507
M,B,178,324,272,285,426,415,494
M,W,178,340,258,278,405,397,482
M,W,178,332,259,274,382,378,458
M,W,178,329,253,274,383,382,468
M,W,178,343,241,272,389,382,489
M,B,178,352,276,296,431,420,472
M,W,178,329,256,278,390,375,486
M,B,178,342,272,292,420,414,485
M,W,178,334,252,268,381,385,455
M,B,178,333,273,288,416,407,490
M,W,178,,,,,381,
M,B,178,,,,,,497
M,W,178,355,260,273,403,398,473
M,B,178,339,262,284,,,480
M,W,178,344,260,278,407,397,488
M,W,178,348,269,285,381,394,487
M,B,178,351,270,284,413,410,493
M,W,178,341,255,276,387,390,470
M,W,178,337,248,269,378,380,470
M,W,178,362,273,295,431,425,518
M,W,178,333,256,277,391,384,475
M,W,178,336,260,279,400,395,489
F,B,178,314,239,258,378,366,438
M,W,178,336,250,267,388,380,460
M,W,178,344,255,275,389,382,455
M,W,178,336,259,277,,398,
M,B,178,346,275,,,,496
M,W,178,345,255,270,396,397,495
M,W,178,,241,256,376,365,458
M,W,178,328,250,271,392,386,450
M,W,178,333,267,282,402,403,473
F,W,178,320,254,270,380,381,454
M,W,178,342,266,285,414,410,476
M,W,178,356,270,289,431,410,492
M,W,178,345,263,281,395,398,484
M,W,178,339,244,265,383,379,471
M,W,178,346,259,276,394,387,491
M,B,178,342,274,296,426,415,511
M,W,178,337,247,268,401,398,467
M,W,178,325,235,253,393,387,460
M,W,178,330,259,276,388,381,465
M,W,178,320,253,278,376,370,461
M,W,179,320,256,274,401,400,486
M,W,179,327,253,269,396,392,450
M,B,179,342,269,290,415,414,490
M,W,179,334,252,264,385,385,463
M,W,179,335,257,278,400,395,482
M,W,179,326,255,273,408,395,464
M,W,179,323,249,267,389,386,467
M,W,179,342,270,282,412,412,484
M,W,179,362,270,288,422,410,505
M,W,179,331,251,268,386,382,482
M,W,179,346,268,285,421,412,488
M,W,180,348,264,280,391,390,485
M,W,180,347,267,288,407,398,485
M,W,180,358,264,278,401,390,495
M,W,180,336,247,263,373,368,475
M,W,180,,259,271,397,390,491
M,W,180,350,260,281,421,415,492
M,W,180,347,261,280,412,416,484
M,W,180,,248,,,373,
M,B,180,362,275,293,424,405,505
M,W,180,344,260,273,396,389,498
M,W,180,341,253,265,380,375,477
M,W,180,,,270,,,
M,B,180,327,262,282,412,404,485
M,B,180,352,278,297,422,421,487
M,B,180,376,274,291,404,390,511
M,W,180,,,,,,461
M,B,180,330,,,,,
M,W,180,358,270,287,410,406,494
M,B,180,349,274,293,418,393,499
M,B,180,343,257,276,418,,486
M,B,180,,,,451,432,517
M,B,180,356,271,,420,404,505
M,W,180,356,265,282,399,384,506
F,W,180,340,260,278,391,384,474
M,B,180,345,265,,410,,
M,W,180,347,262,281,396,395,484
M,W,180,330,246,262,384,370,463
M,W,180,322,245,264,400,397,460
M,W,180,341,256,276,,380,
M,B,180,358,276,297,405,394,497
M,B,180,333,266,282,390,386,483
M,W,180,332,,,,,475
M,W,180,344,257,274,402,402,481
M,B,180,326,265,285,418,412,492
M,W,180,330,248,266,401,392,489
M,W,180,336,256,272,389,388,464
M,W,180,355,255,272,407,398,492
M,B,180,332,260,280,396,388,475
M,W,180,361,256,267,404,398,518
M,W,180,319,245,259,379,379,454
M,W,180,352,263,280,400,400,480
M,W,180,329,257,274,398,389,468
M,W,180,338,258,275,404,405,472
M,W,180,328,250,278,386,395,455
M,W,180,,,,,,478
M,W,180,,259,275,406,398,478
M,W,180,353,280,292,,423,
M,W,180,325,248,264,376,367,454
M,W,180,349,256,278,403,399,491
M,W,180,323,258,274,388,379,461
M,W,180,332,256,269,387,385,468
M,W,180,357,275,292,429,414,
M,W,180,336,256,273,396,386,
M,W,180,329,244,264,408,404,486
M,B,181,354,279,296,403,400,494
M,B,181,342,276,291,419,422,503
M,B,181,366,299,316,432,427,513
M,W,181,353,260,274,408,390,506
F,B,182,334,254,273,424,414,514
M,W,182,362,266,285,425,414,500
M,W,182,336,261,282,415,410,487
M,W,182,343,265,283,410,409,475
M,B,182,361,298,322,426,423,490
M,W,182,331,257,276,386,379,487
M,W,182,356,264,286,431,416,507
M,W,183,340,258,277,409,400,484
M,W,183,349,265,283,,,
M,W,183,350,260,282,391,387,490
M,W,183,361,261,279,396,,494
M,W,183,,,,414,399,509
M,W,183,,,,,,516
M,W,183,339,256,280,399,397,477
M,W,183,334,253,276,409,400,486
M,B,183,370,278,292,429,420,520
M,W,183,369,,,412,408,511
M,B,183,352,276,295,430,410,500
M,W,183,,,281,417,417,490
M,W,183,331,262,283,395,390,479
M,W,183,365,277,293,421,415,509
M,W,183,324,251,270,391,390,449
M,B,183,355,276,295,421,413,496
F,W,183,331,251,265,398,392,486
M,W,183,345,268,279,398,393,492
M,W,183,357,281,302,425,414,488
M,W,183,329,262,280,426,411,491
M,W,183,337,246,266,373,384,472
M,W,183,364,276,298,433,425,508
M,B,183,335,259,276,397,387,479
M,W,183,364,269,288,415,402,518
M,W,183,333,249,272,397,,484
M,B,183,347,278,299,424,413,505
M,W,183,347,270,291,416,405,492
M,W,183,349,260,281,409,397,486
M,B,183,,269,291,,,500
M,W,183,329,237,262,,,463
M,W,183,341,270,289,407,400,493
M,W,183,354,264,285,416,407,490
M,W,183,353,265,283,412,403,496
M,W,183,,,,418,414,
M,W,183,350,256,274,403,396,
M,W,183,359,264,286,414,411,512
M,W,183,367,273,290,430,419,518
M,W,183,335,257,274,402,397,473
M,W,183,345,271,287,409,400,506
M,W,183,346,270,289,404,396,490
M,W,183,324,254,277,384,383,476
M,W,183,348,265,286,402,395,483
M,W,183,341,266,289,399,394,469
M,W,183,334,259,280,401,398,468
M,B,184,354,267,291,412,402,513
M,W,184,363,255,271,412,402,502
M,W,184,351,268,291,408,399,480
M,B,184,348,273,289,440,437,504
M,B,185,354,275,291,,422,
F,B,185,,,,422,405,525
M,B,185,334,286,302,429,420,520
M,B,185,368,308,328,467,465,542
M,W,185,342,252,273,411,,495
M,W,185,354,,,413,,520
M,W,185,345,275,297,445,446,529
M,W,185,358,281,305,435,425,507
M,W,185,352,260,280,386,384,486
M,W,185,,,,,,510
M,W,185,348,,,,404,504
M,W,185,370,288,306,441,440,
M,W,185,312,241,258,374,373,465
M,W,185,359,272,290,423,422,501
M,B,185,370,282,305,448,444,552
M,W,185,347,275,297,430,417,501
M,W,185,326,257,279,417,404,480
M,W,185,359,262,286,425,416,502
M,W,186,358,282,302,442,428,502
M,W,186,356,257,272,418,410,510
M,W,186,357,272,289,439,429,510
M,W,186,335,254,269,405,394,480
M,B,187,380,288,306,465,454,539
M,B,187,360,285,303,453,,499
M,W,187,351,264,281,415,411,506
M,W,187,362,275,291,430,426,512
M,W,187,345,271,292,424,414,499
M,W,187,343,268,283,403,398,475
M,W,187,349,261,281,424,419,511
M,W,187,362,275,291,430,426,512
M,W,188,358,270,290,413,,
M,W,188,344,269,288,425,423,497
M,B,188,363,285,299,420,410,500
M,W,188,,,,395,,490
M,W,188,360,269,283,422,416,510
M,B,188,363,295,309,446,429,530
M,W,188,344,,,,,
M,W,188,323,248,262,386,382,441
M,W,188,362,284,303,426,411,509
M,W,188,,,,437,425,494
M,W,188,305,238,257,368,361,430
M,W,188,362,266,283,429,416,509
M,W,188,352,266,282,435,434,518
M,B,188,364,289,310,452,438,513
F,W,189,,256,,409,401,507
M,B,190,350,280,304,455,444,513
M,B,191,354,297,318,451,433,528
M,W,191,366,,287,418,412,526
M,W,191,364,263,278,428,417,511
M,W,191,354,272,283,435,,545
M,B,191,379,299,312,479,462,539
M,W,191,352,277,294,,,511
M,W,191,381,279,294,430,418,526
M,B,193,391,304,322,475,465,
M,W,193,359,268,280,414,410,513
M,W,193,393,295,315,456,443,530
M,B,193,376,296,316,458,450,537
M,W,193,368,276,296,420,420,531
M,W,194,377,290,310,,,
M,W,195,382,,304,468,456,531
M,W,197,363,276,290,436,421,522
M,W,198,353,263,285,417,417,513
M,W,198,368,283,299,431,426,516
M,W,198,368,290,305,446,436,541
M,W,202,392,288,306,483,469,566
