ID,Fem_01,Fem_01R,Fem_02,Fem_02R,Fem_03,Fem_03R,Fem_04,Fem_04R,Fem_06,Fem_06R,Fem_05,Fem_05R,Fem_07,Fem_07R
UT1-87,489,487,483,480,92,91,49,49,28,28,30,30,30,31
UT10-88,466,466,463,462,89,88,51,50,30,30,34,36,33,33
UT11-93,445,450,441,447,82,83,49,48,30,30,33,33,31,31
UT11-95,427,431,425,426,76,76,41,42,26,26,29,30,31,30
UT12-94,455,451,452,448,81,81,46,47,33,30,33,35,30,30
UT17-92,450,459,449,457,82,83,43,44,31,25,33,35,29,30
UT2-81,469,470,466,467,89,89,49,50,30,30,31,31,33,33
UT2-93,489,486,484,481,82,81,49,49,28,27,35,35,30,30
UT20-94,423,423,419,419,83,82,46,45,30,30,25,24,27,27
UT4-91,425,420,420,416,81,80,46,47,30,30,35,35,35,35
UT5-95,474,470,471,468,87,88,50,51,29,28,33,34,30,29
UT6-86,477,476,472,472,89,89,51,52,30,30,33,30,32,31
UT6-97,458,465,457,463,78,79,46,46,28,25,32,30,28,26
UT71-1,415,412,412,410,72,73,41,40,22,23,30,30,25,25
UT71-3B,444,440,441,437,79,78,47,47,29,30,35,32,31,32
UT78-14,432,428,426,425,83,83,48,50,28,26,29,31,27,26
UT80-12,425,424,421,420,73,72,39,39,29,27,26,28,28,29
UT83-1,412,408,410,406,70,70,40,41,23,22,25,26,24,25
UT83-24,436,430,431,424,78,78,43,43,25,24,33,34,30,29
UT83-29,464,465,461,462,77,77,45,46,27,27,25,26,30,30
UT84-3,495,494,491,492,86,86,45,47,29,29,31,33,29,29
UT85-2,428,428,425,424,72,72,40,41,25,26,29,28,29,30
UT85-26,477,486,476,481,90,91,51,50,35,34,36,31,29,31
UT85-35,508,507,504,504,87,86,47,47,26,26,30,31,29,29
UT85-8,456,454,450,448,71,74,41,43,26,26,28,31,27,27
UT86-15,437,432,434,431,68,68,39,40,22,22,29,28,25,25
UT86-18,463,464,460,461,85,86,48,48,27,27,28,28,29,28
UT86-30,505,499,499,492,89,89,49,49,30,29,38,37,34,35
UT87-20,466,467,463,464,83,83,47,47,27,28,24,22,29,29
UT87-8,441,443,440,439,77,77,44,43,23,22,28,28,25,23
UT88-22,432,431,429,429,75,75,42,42,25,23,29,29,30,28
UT88-4,450,451,444,447,81,82,48,47,28,27,33,31,30,30
UT89-1,411,417,406,412,68,69,37,37,22,23,26,27,26,27
UT89-10,477,475,473,471,88,89,49,48,31,31,32,34,33,32
UT89-13/FA-89-67,413,419,410,412,75,76,41,41,23,23,30,30,29,24
UT89-18,477,476,475,474,88,88,51,51,29,28,31,31,30,31
UT89-23,442,440,438,436,81,81,49,50,29,30,30,30,28,29
UT89-24,412,411,410,406,69,71,42,42,24,24,25,25,24,23
UT9-87,475,479,471,473,70,71,42,43,22,21,28,29,27,27
UT90-29,478,478,473,474,83,82,46,47,28,29,32,30,23,22
UT90-40,500,498,494,491,88,87,50,51,29,29,32,32,31,31
UT90-4;FA89-172,471,474,465,469,75,75,42,42,28,27,28,29,29,30
UT90-8,481,489,475,485,79,79,46,47,29,28,30,30,32,32
UT91-30,455,462,452,457,89,88,50,50,31,32,30,29,30,30
UT91-34,453,460,451,457,75,77,43,43,23,24,32,30,27,29
UT91-42,520,523,516,520,85,85,48,47,32,32,32,30,31,31
UT92-15,482,484,479,478,90,92,50,51,28,29,31,31,32,32
UT93-42,495,493,492,490,88,88,50,50,29,28,31,31,32,32
UT96-33,471,468,467,467,80,82,43,45,28,25,27,27,32,32
UT97-185,478,477,476,475,82,83,49,50,32,29,32,30,30,31
UT97-20,469,466,468,464,87,88,48,48,31,31,33,32,32,31
UT98-13,448,446,447,444,82,82,47,47,34,34,32,32,31,31
2002-150-I-02,445,441,444,437,79,79,47.8,47.6,30.7,30.5,31.1,30.4,28.3,29.5
27-7-20/61062.0,440,441,438,438,76,76,44.14,44.29,24.28,23.72,26.5,26.56,29.47,28.15
27-7-20/61079.0,375,375,373,374,74,74,40.52,41.11,21.32,21.45,26.06,26.36,24.04,24.05
93-3-20/48009.0,402,399,396,395,76,76,42.13,41.89,23.26,23.38,22.26,23.13,28.47,26.86
27-7-20/61022.0,409,410,404,405,73,74,41.47,41.96,21.27,20.94,23.43,23.62,22.63,24.13
27-7-20/61002.0,394,394,392,391,69,69,37.64,38.42,21.99,20.66,23.42,23.68,23.27,22.92
2002-150-I-01,470,468,468,464,85,83,50.5,51.2,28.5,30.6,33.7,32.1,30.2,30.4
2003-196-I-03,433,434,429,429,75,76,42.41,43.1,25.5,25.5,31.3,31.4,24.8,24.1
385723,399,397,396,393,76,76,42.3,41.5,23.1,23.7,28.5,27.9,26.1,26.3
325270,374,370,369,365,67,68,37.4,38.1,21.8,22.1,24.3,24.7,21.9,22.3
325266,450,451,447,449,90,91,47.8,49.6,28.5,29.4,33,33.5,30.3,31.3
325268,450,450,447,446,81,81,47.1,46.6,23.2,23.3,28.7,29.5,27.8,28.1
325269,442,443,440,442,84,85,50,50.6,29.6,27.9,32.5,32.2,29.9,30.2
363722,439,438,435,435,74,74,44.9,45.1,25.9,25.7,30.3,29.3,28.5,28.9
363723,406,410,403,407,74,73,41.9,41.5,25.8,25,26.6,26.8,24.7,25.3
364426,409,410,405,404,68,71,43.6,43.6,21.9,21.4,28.9,28.5,22.7,22.8
364428,461,462,458,458,81,81,48.6,48.5,25.2,25.4,28.1,27.6,28.7,27.8
2011-078-I-01,518,514,517,508,89,91,51,51.4,34.1,34.4,37.5,36.1,33.9,34.3
2011-026-I-01,475,482,469,478,76,78,45,46,23,23,29,29,27,27
2011-027-I-01,492,487,491,485,87,89,50,50,29,29,31,32,30,31
2011-028-I-01,448,444,441,437,84,85,48,48,27,27,32,31,28,29
DS 001,467.5,464,460.5,458,86.5,86,47.3,47.4,28.9,28.4,30.2,30.4,27.3,27.8
DS 034,457,458.5,451,455.5,83.5,83.5,53,52.8,28,28,29.1,30.2,28.1,28.2
DS 035,411,410,408,407,84,84.5,47.6,47.6,30.6,29.4,30.3,30.6,30.8,30.2
DS 009,413,416,409,413,80,83.5,47.4,48.3,28.1,28.8,31.8,30,30.2,30.8
DS 033,436,441.5,435,439.5,81.5,82,46.6,47.4,27,26.6,29.4,30.9,26.6,26.9
DS 006,460.5,459.5,456,455,90.5,91,50.6,50.1,34.7,34.2,31.1,33.4,30.9,33.5
DS 011,427,431,423,427.5,71.5,71.5,41.3,42.5,25.1,27.2,29.9,29.4,26.4,24.5
DS 007,426.5,425,421,423,73,72,41.5,42.3,27.2,27.7,28.1,28.4,27,27.5
DS 002,442,431,441,430,83.5,83,47,47.2,27.3,29.2,33.4,33.5,28.8,28.5
DS 004,445.5,441,444,438,79,79,43.8,43.7,24.9,25.2,29.9,32.7,28.2,28.2
DS 005,450,444.5,446.5,440,85,87,47.9,48.3,25.9,26.7,33.6,34,27.8,27.9
DS 008,410,408,406,404.5,76,76.5,45.8,45.4,24.3,25.2,31.1,29.3,24.2,24.4
2013-115-I-01,500,502,496,499,86,85,47,48,27,27,33,32,31,32
2013-120-I-01,471,468,469,467,86,86,48,49,29,30,34,34,31,29
2013-122-I-01,500,499,495,494,90,91,51,51,29,30,35,34,31,31
2013-148-I-01,427,428,425,427,79.5,79,45,45,27,29,27,28,30,30
2013-175-I-01,466,465,463,462,84,85,51,51,26,27,35,35,29,29
2013-206-I-01,466,465,461,462,83,82,45,46,28,27,31,32,29,29
2013-213-I-01,516,506,512,502,79,80,47.5,48.5,24.8,25.4,28.7,29.7,27.9,29.3
