ID,Fem_14,Fem_14R,Fem_15,Fem_15R,Fem_16,Fem_16R,Fem_17,Fem_17R
1992-217,25.3,27.7,28.4,28.3,34.2,35.1,32.5,33.4
ZJO6/224B,31.1,32.3,32.5,32.8,40.5,38.1,33.2,33.2
OLOVO 1/3/1,27.9,27.2,25.7,25.5,36.6,35.7,29.8,30.3
2001-006,25,25.9,25.8,26.1,36.2,34.4,28.8,30.3
2002-150-I-02,27.7,28.3,24.9,25.2,36.8,34.9,32.8,35.3
27-7-20/61062.0,23.58,23.46,22.66,22.47,27.55,27.55,29.64,28.96
27-7-20/61079.0,20.3,20.28,21.04,21.14,26.33,25.6,24.98,25.01
93-3-20/48009.0,23.12,23.06,20.4,19.49,28.29,26.61,29.18,28.17
27-7-20/61022.0,19.75,19.7,21.21,20.37,25.7,25.53,23.62,24.93
27-7-20/61002.0,21.25,21.1,21.43,21.1,26.33,25.21,23.92,24.25
2002-150-I-01,28.5,29.4,30.7,29.4,34.7,33.1,29.1,32.1
2003-196-I-03,23.5,23.9,24.2,25.7,29.1,28.3,28,27.6
381137,22.3,21.9,25,24.2,29.4,30.6,26.3,26.7
385723,22.3,21.9,23.8,22.4,29.6,28.1,27.3,27.1
325270,19.6,18.5,21,19.5,26,25.2,22.8,23.2
325266,27.1,27.5,27.6,28.9,33,33.6,31.6,33
325268,22.4,22.5,24.4,23.5,31.8,30.7,29.5,29.5
325269,26.5,26.7,26.4,26.8,38.6,37.5,30.3,30.7
363722,24.4,24.2,24.8,24.3,31.7,32.1,29.8,29.4
363723,23.6,23.7,24.4,23.5,32.8,31,25.5,25.6
364426,19.2,18.8,22.3,21.7,33.6,33,23.5,24.3
364428,23.7,23.4,25.4,24.6,33.1,32,30.2,29
2001-008-I-01,25.6,25.9,25.2,24.8,30.2,30.8,28,28.6
2011-078-I-01,31.3,31.6,30.3,29.7,34.6,34.6,34.8,35.7
2005-103-C,25.5,26.1,25.6,25.2,31.3,31.9,29.4,29.1