ID,Fib_01,Fib_01R,Fib_02,Fib_02R
UT1-87,397,396,17,18
UT10-88,385,385,20,18
UT12-94,384,382,13,14
UT16-93,420,424,17,17
UT17-91,369,363,16,17
UT17-92,392,391,16,17
UT2-81,381,385,14,16
UT2-93,382,381,17,17
UT20-94,335,336,14,13
UT5-95,386,385,15,16
UT6-86,375,373,17,17
UT6-97,369,369,14,14
UT81-24,337,336,15,15
UT83-1,329,330,12,12
UT85-2,338,343,15,16
UT85-26,415,419,17,16
UT85-8,364,362,16,14
UT86-15,332,331,13,14
UT87-18,391,386,12,12
UT87-20,378,384,14,15
UT87-8,361,358,13,13
UT88-22,336,339,16,16
UT89-1,332,332,12,13
UT89-10,385,388,16,17
UT89-13/FA-89-67,333,336,12,12
UT89-18,397,397,15,15
UT89-23,382,384,15,15
UT89-24,327,327,13,13
UT89-9,228,221,11,10
UT9-87,380,382,15,16
UT90-4;FA89-172,362,360,15,16
UT90-8,386,388,18,18
UT91-10,428,424,15,16
UT91-30,376,378,14,15
UT91-34,382,384,17,16
UT92-15,397,401,16,15
UT96-31,226,224,8,9
UT97-185,387,385,14,14
UT98-13,372,377,16,16
RVO2/276B,354,351,17.9,17.6
RVO2/310B,376,370,15.1,17.1
RVO2/220B,386,390,17.3,17.5
RVO2/576B,372,374,15.1,16.5
RVO2/297B,371,376,13.9,14.5
RVO2/173B,393,393,14.9,16.2
RVO2/142B,384,384,16.8,17.7
RVO2/180B,404,404,15.6,15.4
RVO2/262B,391,395,17.4,18.3
RVO2/117B,417,416,16.2,15.3
ZJO6/560B,385,386,15.7,17.7
ZJO6/437B,402,401,16.9,16.7
ZJO6/644B,405,401,18.1,17.8
ZJO6/224B,409,406,14.7,15
ZJO6/628B,380,379,16.8,15.4
GLO1/177B,389.5,386,14.6,15.5
GLO1/353B,394,398,14.8,14.4
GLO1/340B,388,389,15.2,15.1
ZJO6/582B,398,394,16.2,17
ZJO6/258B,395,396,16,16.6
GLO7/026B,373,370,15.3,16.1
27-7-20/61062.0,352,355,14.11,14.18
27-7-20/61079.0,307,309,14.57,13.73
93-3-20/48009.0,331,330,13.78,14.02
27-7-20/61022.0,346,346,13.5,13
381137,335,338,13.4,13.9
385723,321,320,17.8,17.4
325270,295,295,11.2,12.3
325266,365,365,16.6,18.1
325268,368,368,14.6,15.4
325269,335,336,13.2,12.9
363722,357,356,13.6,13.1
363723,324,326,13,13.6
364428,363,359,14.6,14.2
2001-008-I-01,372,373,14.6,15.2
2011-078-I-01,421,422,15.5,14.6
2011-026-I-01,395,401,16,16
2011-027-I-01,399,399,15,17
DS 001,381.5,375,15.6,17
DS 034,360,359,15.7,16.9
DS 035,330,331,19.4,16.9
DS 009,338,340.5,15,15
DS 033,348,349,15.2,15.1
DS 006,382,385,19.4,20.1
DS 010,308,309,10.3,9.52
DS 007,346,345.5,12.9,13.9
DS 002,353,346,17.5,18
DS 003,363,362.5,14.9,14.8
DS 004,356.5,354,16.4,16.6
DS 005,337,336,16.6,17.9
2013-115-I-01,399,398,16,15
2013-116-I-01,386,387,17.8,19.4
2013-120-I-01,386,389,13.5,14.5
2013-148-I-01,331,334,14,15
2013-151-I-01,386,390,13.7,14.7
2013-175-I-01,385,389,16,16
2013-213-I-01,408,405,14.8,14.5
