ID,Fib_03,Fib_03R,Fib_04,Fib_04R,Fib_05,Fib_05R
RVO2/276B,17.9,18.1,8.1,8.3,24.5,24.8
RVO2/089B,18.4,16.5,10.7,10.5,26.6,26.8
RVO2/310B,15.7,17.1,8.3,8.6,27,28.3
RVO2/220B,18.1,17.4,10.2,10.1,25.3,26.8
RVO2/417D,16.6,17.8,8.9,9.2,29.5,27
RVO2/297B,14.3,15.5,8,8,28.6,28
RVO2/173B,15.6,16.6,9.4,10.4,29.6,30
RVO2/442B,17,16.6,11,10.9,30.7,31.1
RVO2/142B,16.4,18.2,8.7,8.6,28,29.7
RVO2/180B,16.6,17.8,9.7,9.9,27,27.2
RVO2/245B,15.7,15.9,9.2,9,28.7,28.5
RVO2/437B,15.5,16.3,9.4,8.1,28.2,29.1
RVO2/262B,17.7,18.7,10.2,9.5,27.4,26.5
RVO2/117B,17,16.7,8,7.4,27,27.9
ZJO6/560B,18.3,18.4,8.9,9.2,27.6,27.9
ZJO6/437B,17.1,18.4,12,11.2,29.1,29.7
ZJO6/644B,19,19,10,10.1,29.5,29.8
ZJO6/224B,15.9,15.5,9.4,9.6,32.8,30.6
ZJO6/628B,17.2,16.9,10.2,9.9,26.9,26.9
GLO1/177B,14.8,16,9.2,8.6,27.2,28.2
GLO1/353B,16.9,15.5,9.1,8.8,29,30
GLO1/340B,15.4,15.3,9.1,9.4,27.6,26
ZJO6/582B,16.3,18.3,11.1,11.2,29.4,28.3
ZJO6/155B,9,9.6,8.7,8.7,26.7,26.4
ZJO6/258B,13.5,13,8.9,9.1,27.2,27.5
GLO7/026B,17.5,17.9,9.6,9.4,26.8,29
381137,13.5,14.2,7.5,7.5,22.9,23
385723,18.4,17.5,8.5,8.5,23.9,24.7
325270,11.4,12.3,8.1,8.1,20.4,20
325266,16.9,18.4,10.8,10.3,27.9,26.8
325268,15.7,16.3,8.2,7.9,27.7,27.7
325269,13.8,13.3,10.1,9.9,28.7,28.8
363722,13.8,13.1,5.7,6.3,23.5,24
363723,13.2,13.5,8.1,8,23.2,23.1
364428,14.9,14.3,7.9,7.9,26.2,25.2
2001-008-I-01,15.3,15.5,7.1,6.8,26.2,27.1
2011-078-I-01,16.6,16.4,9.21,8.6,29.7,28.9