ID,Hum_06,Hum_06R,Hum_07,Hum_07R,Hum_08,Hum_08R,Hum_09,Hum_09R
RVO2/282B,47.4,47.1,43.8,43.4,18,18.1,24.6,24.3
RVO2/276B,41.5,42.4,42.6,41,17.1,18,21.5,23.8
RVO2/210B,46.3,48.2,45.5,45.2,17.6,17.7,24.1,25.1
RVO2/206B,45.5,44.4,44.5,44.5,17.1,17.4,23.2,22.5
RVO2/220B,44,46.2,45.7,43.9,19.5,19.3,26.7,23.9
RVO2/576B,49.5,46.3,45.6,45,19.3,19.2,26.3,26.3
RVO2/442B,45.2,46.6,45.4,44.5,18.7,18,30.3,27.9
RVO2/437B,48.2,48.4,43.8,43.5,18.6,18.8,25.7,26.2
RVO2/117B,51.3,50.7,46.1,46.9,20,19.8,25.9,26.2
ZJO6/560B,45.9,47.7,43.8,43.1,20.1,21.2,31.1,32.7
ZJO6/437B,46.3,46.1,44.5,44.4,19.1,19.5,27.1,27.7
ZJO6/644B,47.9,47.8,49.5,48.2,21.2,22,27.5,28.8
ZJO6/224B,52.1,49.5,47.7,46.7,21.2,20.7,30,28.5
ZJO6/628B,43,42.6,44.8,43.9,20,19.3,23.1,22
GLO1/177B,45.1,45.7,43.3,45.2,18.1,19.1,23.6,24.3
ZJO6/491B,42.8,42.8,42.5,42.6,18.6,18.6,23.9,23.4
ZJO6/582B,47.4,46.5,45.8,45.8,18.8,18.6,24.2,26
GLO7/031B,43.9,44.5,42.7,42.6,16.9,18.1,21.5,21.9
ZJO6/155B,47.2,47.8,45.1,46.5,20.4,21,26.8,26
ZJO6/258B,45.8,48.5,44.6,45.1,18.6,19.8,25.1,25.3
GLO7/026B,45.3,44.8,42.3,42.7,18.7,19.2,24.4,24.7
OLOVO 1/2/1,49.2,50.6,47.1,47.8,20,20.3,27.8,28.2
OLOVO 1/3/1,47.3,46,42.3,42.8,18.5,17.8,24,23.3
27-7-20/61062.0,42.86,41.99,41.41,41.92,13.78,14.77,20.46,21.97
27-7-20/61079.0,38.81,39.28,36.82,37.26,14.02,15.14,20.06,21.7
93-3-20/48009.0,36.52,37,37.23,38.69,13.13,13.38,20.18,21.45
27-7-20/61022.0,38.22,37.72,36.32,36.77,13.27,13.53,17.33,17.34
27-7-20/61002.0,37.48,37.52,34.52,34.95,12.57,13.07,18.14,18.9
382767,42.9,43,41.1,41,18.2,18.2,28.9,30.1
381137,38.5,38.7,40,40,14.5,14.4,19.4,20.5
385723,41,41.8,36.3,36.7,16.5,16.4,23.3,23.4
325270,35.8,36.4,34.7,35.4,13.4,13.4,19.7,19.9
325266,45.2,45.2,43,45.1,19.1,19.5,26.6,27.7
325268,41.5,42.6,42.4,42.9,16.2,17,23,24.5
325269,44.5,45.6,44.8,46.5,19,19.7,23.6,24.8
325267,45,45.4,42.1,41.1,19,18.7,26,24.9
364428,42,41.5,39.3,39.4,16.1,16,19.7,21.3
2011-078-I-01,48.2,50.4,45.6,45.8,20.3,20.4,24.3,26.1
2005-103-C,44.7,44.1,43.4,43.4,17,16.5,22.4,22.8