ID,Hum_01,Hum_01R,Hum_02,Hum_02R,Hum_03,Hum_03R,Hum_04,Hum_04R,Hum_05,Hum_05R
847,297.5,300.5,54.5,55,41,40.4,16.7,17.1,14.7,15
1153,299,300,51,51,41.5,42.7,19.7,20.1,16.3,16.1
1523,302,306,63,63,43.7,42.6,22.2,22.1,16.5,16
UT1-87,333,338,61,61,52,52,23,24,19,20
UT10-88,307,317,63,60,45,49,28,24,20,18
UT11-93,311,305,63,63,48,49,23,24,19,20
UT11-95,300,302,56,57,40,39,20,21,17,16
UT12-92,304,304,58,60,43,43,22,23,15,16
UT12-94,328,330,60,62,47,47,24,24,20,20
UT16-93,362,371,65,64,49,51,24,26,20,19
UT17-91,309,310,64,66,45,46,22,23,18,19
UT17-92,327,329,64,65,45,44,22,20,19,22
UT2-81,333,332,67,68,49,51,24,25,20,21
UT2-87,352,355,62,60,46,45,23,27,17,20
UT2-93,343,341,66,65,48,48,24,26,19,21
UT20-88,324,322,66,61,46,45,24,23,20,20
UT20-94,303,302,58,58,44,43,21,21,16,16
UT4-91,306,301,63,61,45,47,23,24,20,22
UT5-95,335,328,66,67,52,53,23,24,18,20
UT6-86,341,342,63,66,52,53,23,24,16,16
UT6-97,325,326,60,63,44,42,20,19,14,15
UT71-1,282,285,51,51,41,40,19,20,15,16
UT73-1,310,316,55,55,40,40,22,22,15,15
UT74-5,272,273,51,51,37,36,18,19,15,14
UT77-9,338,341,61,61,46,46,25,24,20,20
UT79-13,347,345,62,62,47,48,21,23,18,19
UT81-24,302,306,57,59,41,41,20,22,16,16
UT82-20,345,346,65,67,50,51,25,25,18,19
UT83-1,295,294,54,55,40,40,18,19,14,14
UT83-24,294,297,62,61,43,42,24,23,19,18
UT83-25,346,340,61,62,47,50,22,24,17,18
UT84-3,358,357,65,66,49,49,22,23,17,20
UT85-26,360,357,65,67,50,50,19,20,25,27
UT85-35,363,362,66,65,49,48,20,21,19,20
UT85-4,351,354,63,66,48,50,22,22,17,18
UT85-8,316,320,55,54,43,43,20,20,15,14
UT86-15,300,301,52,53,41,41,18,19,14,14
UT86-18,344,342,62,62,51,51,23,24,18,18
UT86-30,362,357,70,68,51,49,27,28,21,22
UT87-20,331,336,65,66,51,49,23,21,22,24
UT87-8,297,298,56,57,42,41,20,20,15,16
UT88-22,291,300,58,57,43,43,21,22,18,17
UT88-4,324,323,68,67,48,48,25,26,21,23
UT89-1,286,286,53,51,40,39,19,19,14,13
UT89-10,333,330,64,66,51,52,26,26,19,19
UT89-13/FA-89-67,288,292,52,53,39,40,18,18,15,15
UT89-23,332,332,67,67,50,50,23,23,17,18
UT89-24,294,294,50,50,42,41,19,18,14,14
UT9-87,323,330,55,54,37,38,21,21,15,15
UT90-28,354,380,67,70,48,50,27,25,21,20
UT90-44,354,355,70,69,48,49,26,26,20,21
UT90-4;FA89-172,330,333,55,57,41,41,21,24,14
UT90-8,332,343,67,67,45,46,21,23,18,18
UT91-10,358,358,67,70,50,49,24,23,19,20
UT91-17,303,303,55,56,40,40,19,20,14,15
UT91-30,340,344,67,66,50,51,23,23,21,21
UT91-34,340,338,57,58,45,45,25,22,17,17
UT91-36,343,340,67,69,47,47,22,23,19,19
UT91-42,370,349,59,61,47,50,23,23,20,20
UT92-15,340,338,68,67,52,52,24,25,18,19
UT93-42,342,343,73,73,52,54,19,18,25,26
UT94-10,359,365,70,69,50,51,23,22,20,19
UT95-10,299,298,57,57,41,40,19,19,14,15
UT95-25,345,337,67,67,50,50,23,23,19,19
UT95-8,341,335,55,54,41,40,19,18,17,20
UT96-35,328,335,62,62,46,47,18,19,15,16
UT97-185,326,329,60,61,50,51,22,23,20,20
UT97-20,333,335,63,61,49,50,23,25,20,20
UT98-13,328,329,60,61,49,49,24,23,20,20
UT99-3,299,303,51,52,39,40,17,19,15,14
UT13-88,337,328,70,71,51,52,25.3,26.8,22.4,24
RVO2/282B,356,357,65,65,48,48.2,23.2,23.3,18.6,18.2
RVO2/276B,314,320,56,57,47.4,46.2,21.4,21.9,17.8,18.6
RVO2/310B,322,324,64,64,48.5,48.2,21.2,23,17.9,18.3
RVO2/210B,340,346,68,69,51,50.2,23.9,25,18.5,18
RVO2/206B,327,329,61,60,46.4,46.8,21.6,22.4,18.4,18
RVO2/220B,337,340,65,64,52,51.4,25,24.4,19.6,20.1
RVO2/576B,337,335,64,64,52,50.4,25.2,25.2,19.3,19.2
RVO2/297B,323,318,63,63,48,47.3,23.1,22.6,18.5,18.8
RVO2/442B,337,336,62,62,50.6,50.5,24.3,27.3,19.2,19
RVO2/186B,356,355,63,62,48.9,48.9,23.9,22.7,17.2,17.3
RVO2/180B,347,350,65,64,49.1,49.2,24.9,22.6,20.5,20
RVO2/117B,355,359,68.5,68,51,50.9,25.4,26,23.4,20.6
ZJO6/560B,337,337,68,66,47.3,47.5,27.9,28.3,20.1,21.2
ZJO6/437B,355,351,65,65,47.8,48.7,24.3,25,19.1,19.5
ZJO6/644B,364,367,69,69,51.6,51,24.9,26,22.3,22
ZJO6/224B,369,367,72,69,52.5,52.9,25.5,25.2,22.2,21.1
ZJO6/628B,335,337,58,57,46.9,47.6,22.5,21.6,20.1,19.3
GLO1/177B,329,330,62,63,49.6,49.9,21.6,22.7,18.3,18.8
ZJO6/491B,307,307,60,60,44.4,44.5,21,21,19,19.2
GLO1/340B,328,331,63,64,48.9,49,22.9,22.7,20.4,20
ZJO6/582B,336,342,66,65,47.7,48.4,21.9,21.8,19,19.4
GLO7/031B,309,307,65,65,47.8,47.4,21.4,21.9,17.6,18.9
ZJO6/155B,335,338,63,63,50.4,49.4,27.1,26,20.5,21
ZJO6/258B,345,345,65,64,46.4,46.6,23.5,23.5,19.3,20
GLO7/026B,321,322,62,61,48.4,48.1,23.6,23.9,19.5,19.3
27-7-20/61062.0,311,312,59,58,42.98,44.42,19.84,21.05,14.16,14.95
27-7-20/61079.0,276,276,53,54,37.62,38.61,19.06,20.36,14.46,15.13
93-3-20/48009.0,284,287,54,55,40.46,40.61,19.49,20.41,13.44,13.94
27-7-20/61022.0,300,302,51,51,40.66,40.96,17.13,17.26,13.43,14.03
27-7-20/61002.0,280,286,51,54,37.65,37.8,18.05,18.79,12.91,13.47
382767,309,310,57,58,45.2,45.2,27,28.3,18.6,19
381137,307,308,53,53,44.9,45.1,18.9,20.2,14.6,14.4
385723,278,284,57,58,40.7,41.2,21.1,20.6,16.5,16.5
325270,256,257,47,48,35.1,35.4,18.8,18,13.8,13.6
325266,318,322,62,63,47.5,47.3,26.5,27.2,19.2,19.6
325268,315,320,59,60,44.1,45.9,22.8,23.3,16.5,17.4
325269,297,306,59,58,47.5,47.5,23.1,23.5,19,19.7
325267,294,303,62,62,44.7,45.1,22.1,21.9,19.6,19.7
364426,293,292,59,58,42.9,43,19,20.8,14.5,15.4
364428,313,316,57,55,43.5,44.2,19.3,21,16.3,16
2001-008-I-01,327,328,63,67,48.848,48,20.9,21.5,17.4,18.4
2011-078-I-01,359,358,65,68,51,52.3,23,24.8,20.3,20.4
2011-026-I-01,337,343,61,61,43,44,16,16,21,22
2011-027-I-01,343,343,68,70,47,48,24,24,19,20
2011-028-I-01,326,324,59,59,49,49,21,22,17,18
2009-130-I-02,310,310,56,57,42,43,22,24,19,19
DS 001,333,338,60.5,59,46.4,46.4,21.7,21.8,16.6,17.3
DS 034,322.5,325,63,64,51.1,50.4,21.9,24.4,17.3,17.3
DS 035,296,298.5,60,59.5,46.9,46.6,24,25,19.5,19.8
DS 009,287,291,63,65,46,46.8,24.9,26.1,20.2,20.6
DS 033,296.5,301,63,63.5,45.9,46.3,23.6,24.5,20,19.6
DS 006,344.5,348.5,63,64,48,50.3,24.6,26.5,18.8,20.5
DS 010,282,286.5,51,50.5,40,40.8,18.8,18.4,13.2,14
DS 007,287.5,292,58.5,58.5,41.7,42.1,21.3,23.2,16.3,16.2
DS 002,318.5,322,62.5,62,46.5,48.4,23.1,23.9,19.1,19.2
DS 003,327,328,67,69,50.3,50.4,23.1,23.1,18.5,18.5
DS 004,303.5,308,56,57,42.3,42.4,22.9,23.2,19,18.2
DS 005,319.5,327,62,64,42.4,44.6,23.1,23.9,16,17
DS 008,304.5,315,58.5,59,43.7,42.9,23.3,21.7,18.9,18.5
2013-115-I-01,350,349,63,64,48,48,25,27,19,19
2013-116-I-01,366,374,64.5,63.7,50,50.7,26,26.9,18.5,19.5
2013-120-I-01,349,350,66,66,50,50,23,24,20,20
2013-151-I-01,340,339,58.5,59.9,46.7,46.1,20.3,21.1,15.2,15
2013-176-I-01,332,333,62,63,42,44,22,22,19,19
2013-204-I-01,335,332,60,66,51,52,27,28,22,23
2013-213-I-01,353,350.5,56.9,55.5,45.4,44.7,20.2,20.2,15.6,16.2
