ID,Osc_01,Osc_01R,Osc_02,Osc_02R
UT1-87,222,223,162,158
UT1-88,190,190,152,153
UT10-88,229,227,165,164
UT10-91,213,214,148,146
UT11-87,209,205,157,157
UT11-95,205,205,161,169
UT12-87,230,223,172,173
UT12-89,237,235,177,179
UT12-90,247,248,227,226
UT12-94,216,215,154,155
UT14-87,231,228,160,166
UT14-90,216,212,164,163
UT14-91,208,209,167,168
UT15-89,203,204,157,155
UT16-89,212,216,157,155
UT16-90,230,233,182,182
UT16-93,233,233,167,170
UT17-90,184,185,149,149
UT17-91,216,215,159,157
UT17-92,204,210,159,159
UT2-81,230,230,169,169
UT2-89,231,230,165,166
UT20-90,212,214,153,152
UT20-94,216,215,148,151
UT21-90,219,214,160,160
UT23-88,215,215,165,163
UT4-91,210,204,159,157
UT4-92,255,254,227,229
UT5-91,200,197,141,140
UT5-95,229,227,158,160
UT6-86,235,230,172,171
UT6-88,196,196,146,146
UT6-97,216,214,170,169
UT7-86,206,207,158,160
UT7-89,216,217,158,160
UT71-3B,209,207,161,160
UT73-1,197,198,141,144
UT74-11,217,220,177,180
UT74-5,166,170,133,132
UT75-3,180,180,138,140
UT77-2,203,201,150,154
UT78-14,221,217,161,162
UT78-8,212,215,155,153
UT80-12,187,187,153,153
UT81-24,195,191,140,139
UT82-1,205,206,143,146
UT82-20,238,239,177,175
UT83-1,193,191,146,147
UT83-24,207,206,150,149
UT83-25,222,219,163,160
UT83-26,202,201,150,150
UT83-29,214,213,153,150
UT84-14,228,227,164,166
UT84-16,210,211,160,161
UT84-3,221,221,161,158
UT85-2,193,195,142,141
UT85-35,238,237,157,161
UT86-10,192,202,137,148
UT86-15,202,204,157,156
UT86-18,220,219,157,155
UT87-20,230,229,156,160
UT87-8,201,201,144,146
UT89-1,192,194,147,148
UT89-10,232,231,169,165
UT89-13/FA-89-67,193,193,150,151
UT89-23,228,229,164,169
UT89-24,174,168,143,144
UT89-9,143,142,102,103
UT9-87,184,185,139,136
UT9-88,243,241,180,178
UT90-28,247,248,177,178
UT90-4;FA89-172,195,193,170,171
UT90-8,217,217,170,170
UT91-10,238,238,171,170
UT91-30,221,221,151,154
UT91-34,212,210,138,136
UT92-15,225,226,171,171
UT94-10,242,241,177,179
UT95-25,230,226,158,159
UT96-33,192,192,129,128
UT96-35,217,215,146,151
UT97-185,217,217,157,157
UT97-20,217,220,154,153
UT98-13,216,216,166,165
1992-217,226.5,226,174.5,174
RVO2/276B,208,208,160,162
RVO2/089B,231,230,169,169
RVO2/206B,216,215,162,159
RVO2/220B,219,221,169,167
RVO2/417D,232,230,178,178
RVO2/576B,234,234,181,182
RVO2/297B,226,227,170,167
RVO2/173B,232,234,170,162
RVO2/442B,239,235,167,164
RVO2/180B,237,235,173,169
RVO2/245B,232,226,167,170
RVO2/437B,229,228,168,170
RVO2/117B,240,236,167,165
ZJO6/560B,236,237,167,166
ZJO6/644B,249,246,180,182
ZJO6/224B,250,250,190,195
ZJO6/628B,218,216,160,164
GLO1/177B,221,223,164,166
ZJO6/491B,206,202,153,152.5
ZJO6/582B,239,241,174,177
GLO7/031B,215,216,164,163
GLO7/026B,226,230,163,163
2002-074,223,226,157,166
2001-154,210,209,150,153
27-7-20/61062.0,213,210,145,144
27-7-20/61079.0,181,180,135,139
93-3-20/48009.0,192,192,145,147
27-7-20/61022.0,191,189,148,149
27-7-20/61002.0,182,182,140,140
382767,203,203,163,161
381137,199,198,144,145
325270,183,183,138,138
325266,221,221,163,161
325268,216,215,157,158
325269,214,213,158,161
363722,205,204,146,148
363723,190,187,149,152
364426,201,202,141,142
364428,192,188,152,149
2001-008-I-01,214,211,156,157
2011-078-I-01,239,241,174,175
2005-103-C,215,217,158,160
2011-026-I-01,194,193,146,146
2011-028-I-01,224,225,161,162
DS 001,215.5,217,170,172
DS 034,221,220,167.5,165.5
DS 035,207,210.5,160,158
DS 009,216,220,149.8,148.7
DS 033,212,213,154,156.5
DS 006,230,230.5,69,69
DS 011,210,212,168,168
DS 010,196.5,196.5,138,133
DS 007,205.5,206,156.5,155.5
DS 002,234.5,234,170.5,171
DS 003,225,223,163,163
DS 004,200.5,202,146,148
2013-115-I-01,230,231,170,171
2013-122-I-01,228,225,170,167
2013-148-I-01,202,201,157,155
2013-175-I-01,231,232,161,167
2013-176-I-01,205,203,140,133
2013-204-I-01,236,232,163,168
2013-206-I-01,215,211,156,156
