ID,Osc_14,Osc_14R,Osc_15,Osc_15R,Osc_16,Osc_16R,Osc_05,Osc_05R,Osc_17,Osc_17R
1992-217,24.9,24.8,41.6,38.8,11.6,11.1,67.2,67.7,63.6,59.3
RVO2/276B,25,23.4,35.1,35.2,12.2,12.1,60.2,60.2,54.3,54
RVO2/089B,30.1,28.1,39,39.6,15.2,12.8,67.5,68.4,59.8,61.5
RVO2/310B,25.8,23.6,39.2,40.5,12,10.6,62.4,64.3,55.6,57.7
RVO2/206B,25.4,26.7,41.7,41.6,14.8,15,59.7,61.6,56.8,56.8
RVO2/220B,26.6,27.4,36.1,35.8,16.5,17.5,65.3,65.1,58.5,60.1
RVO2/417D,28.7,24.7,40.3,39,12.6,12.2,65.7,67.4,61,59.8
RVO2/576B,25.1,27.1,37.2,38.7,14.1,14.5,66.4,64,62.4,61.4
RVO2/297B,25.3,22.2,37.8,37.6,13.8,13.8,62.1,66,58.7,56.8
RVO2/173B,25.8,23,41.1,37.5,10.8,12.5,63,59.8,61.2,59.8
RVO2/442B,23.3,23.9,38.1,42.5,16.5,17.6,68.3,68.5,61,61.5
RVO2/142B,26.3,29.1,37.9,38.1,16.2,15.7,68.3,69.2,63.8,64
RVO2/180B,28.7,26.4,44,42.6,15.6,16.5,72.2,67.8,60.2,59.6
RVO2/437B,25.3,24.3,40.6,40.3,11.5,11.8,70.3,70.8,60.1,60.6
RVO2/49B,28.9,29.2,41.8,40,19.2,16.6,65.3,65.1,62.3,63.3
ZJO6/644B,27,26.6,43.8,42.5,18.3,18,70.4,69.2,64.1,63.4
ZJO6/224B,28.2,27.9,38.1,40.2,15.4,13.6,78.2,80.2,66.5,67.2
ZJO6/628B,24.1,24.8,36.5,34.4,14,12.5,63.2,64.7,54.7,54.7
GLO1/177B,21.5,22.1,37.6,39.2,12.3,11.6,63.4,61.3,59.7,59.6
ZJO6/491B,23.7,25,34.4,35.7,13.2,12.3,57,56.8,54,55.1
ZJO6/582B,25.4,26.8,38.6,37.5,15.7,16.9,72.6,78,59.7,60.8
GLO7/031B,22,20.4,34.3,35,12,14.7,62.2,58.2,57.1,57.2
2001-154,21,21,33.9,35.3,11,11.7,55.8,55.3,51,51.2
363722,21.2,21.7,37,37.8,11.3,11.67,60.1,57.2,53,52.2
363723,20.5,20.2,37.2,36.6,12.2,11.3,57.2,58.9,50.5,48.7
364426,20.9,20.4,31.4,33.1,12.6,11.4,57.5,60,52.8,54
364428,22.7,21.8,35.1,35.2,13.6,13.5,62.9,61.9,58.8,60
2001-008-I-01,19.3,19.6,32.8,33.3,11.1,12.4,61.9,60.4,55.2,55.4
2011-078-I-01,28.4,27.8,38,39.4,15.2,15.3,68.2,68.2,62.1,62.6
2005-103-C,23.9,23.3,39.7,39.5,12.8,13.1,61.3,63.9,55.2,54.8