ID,Rad_01,Rad_01R,Rad_05,Rad_05R,Rad_06,Rad_06R
576,314,313,15.9,15.1,19.1,19.3
847,215,217,10.4,9.7,13.4,13.4
1153,205,208.5,11.1,11.7,14.8,15.4
1523,224,226,11.3,11,17.2,16.9
UT1-87,255,258,12,13,16,16
UT10-88,256,251,13,14,17,18
UT11-93,232,233,13,12,18,18
UT11-95,226,228,10,11,14,15
UT12-92,234,232,11,11,15,16
UT12-94,253,252,13,13,18,18
UT16-93,269,271,14,14,16,16
UT17-91,247,240,13,13,18,19
UT17-92,253,255,13,13,17,17
UT2-81,253,254,13,14,18,17
UT2-93,241,257,13,13,17,17
UT20-94,235,233,11,11,8,9
UT4-91,229,231,14,14,17,18
UT5-95,248,249,14,13,17,16
UT6-86,253,255,12,13,17,18
UT6-97,230,231,9,10,14,14
UT71-1,215,219,10,10,13,14
UT71-3B,241,240,12,13,17,17
UT72-3,251,250,13,13,15,15
UT73-1,241,243,12,11,14,15
UT77-9,260,261,12,13,17,17
UT78-14,221,229,12,12,15,15
UT79-13,267,269,11,12,16,17
UT83-1,218,219,10,9,12,13
UT83-24,248,247,11,11,16,15
UT84-14,242,241,12,13,18,18
UT84-3,264,268,12,12,15,16
UT85-2,225,226,12,12,15,15
UT85-26,276,278,14,12,18,20
UT85-35,270,269,12,12,15,15
UT85-4,257,264,12,12,17,19
UT85-8,239,239,11,10,13,14
UT86-30,275,275,14,14,18,18
UT87-20,255,256,13,14,16,17
UT87-8,228,221,10,10,13,15
UT89-1,216,216,10,10,12,12
UT89-10,252,253,13,14,17,18
UT89-13/FA-89-67,218,223,9,10,14,15
UT89-23,250,252,13,13,15,17
UT89-9,152,150,8,8,11,10
UT9-87,251,255,11,11,13,13
UT90-28,266,269,13,13,16,17
UT90-44,278,277,14,14,19,19
UT90-8,254,257,12,12,17,16
UT91-10,282,280,14,14,19,18
UT91-30,244,247,12,12,17,18
UT91-34,253,253,12,13,15,15
UT91-36,257,261,13,13,16,18
UT91-42,278,282,14,14,15,16
UT92-15,258,258,13,12,17,19
UT93-10,262,264,12,12,15,16
UT93-42,252,253,13,13,17,16
UT94-10,268,268,12,14,15,16
UT95-10,227,226,9,9,13,13
UT95-15,104,106,7,7,9,9
UT95-25,269,269,12,12,17,17
UT96-32,163,164,8,8,11,11
UT96-33,250,236,11,11,14,14
UT97-185,243,244,12,11,15,16
UT99-3,218,220,11,10,12,12
UT13-88,261,262,13.7,14.8,18.6,19.6
RVO2/282B,267,271,13.3,13.1,17.5,20
RVO2/276B,237,244,13.9,12.6,15.7,15.7
RVO2/310B,235,236,12.6,13.1,16.8,18.2
RVO2/575B,253,253,14.1,14.3,19.5,17.9
RVO2/442B,247,245,12.9,12.6,17.4,17.8
RVO2/186B,253,256,11.7,12.8,15.2,16
RVO2/142B,253,256,13,13.3,16.5,16
RVO2/180B,254,254,13.1,14,18.5,17.5
RVO2/49B,242,241,13.2,13.3,19.1,20.8
RVO2/117B,265.5,267.5,12.5,12.6,17.2,18.9
ZJO6/560B,253,254,12.8,14.1,18.3,20.4
ZJO6/437B,261,265,14.2,14.8,18,17.6
ZJO6/644B,261,265,14.2,14.3,18.2,17.4
ZJO6/224B,259,258,14.1,13.6,18.9,18.2
ZJO6/628B,253,251,12.2,12.3,14.1,15.5
GLO1/177B,242,246,12.8,12.9,15.6,16.6
ZJO6/491B,244,245.5,12.3,12.1,16.3,16.5
GLO1/353B,263,263,13.2,12.5,16.5,16.8
GLO1/340B,247,249,13.5,13.8,16.4,17.5
GLO7/031B,232,235,11.2,12,14.6,14.8
ZJO6/155B,250,250,13,12.7,16.9,16.1
GLO7/026B,239,241,12.3,12.4,18.6,18.1
CR12/179B,236,238,13.8,13.3,17.4,19.2
2002-074,254,252,11.8,12,16.8,15.8
27-7-20/61062.0,242,244,11.14,11.44,15,15.02
27-7-20/61079.0,215,216,9.76,10.1,13.64,13.66
93-3-20/48009.0,213,217,9.26,9.56,13.39,12.81
27-7-20/61022.0,225,232,9.43,9.79,12.79,13.36
27-7-20/61002.0,215,222,9.81,9.76,13.01,13.52
2002-150-I-01,244,246,11.7,12,15.2,14.3
325270,187,190,9.1,9,12.7,12.4
325266,238,241,13.1,13.3,14.7,16.9
325268,245,251,12.4,13,14.7,14.9
325269,237,240,12,12.8,16.5,15.4
325267,227,229,11.4,12.2,16.3,16.1
363722,250,251,11.9,11.9,14.9,15
363723,220,220,10.7,10.5,14.9,15.1
364426,216,222,10.4,10.6,12.6,14.2
364428,245,246,10.8,10.4,14.5,14.5
2001-008-I-01,250,253,15.5,15.5,12.6,12.2
2011-078-I-01,260,268,13.7,14.5,18.4,18.8
2011-026-I-01,275,282,12,13,13,15
2011-027-I-01,265,267,13,14,16,17
2011-028-I-01,240,239,13,12,15,16
2009-130-I-02,231,233,11,12,14,15
DS 001,246.5,253,11.7,11.2,14.2,14.5
DS 034,245,245,11.5,12,14.8,15.5
DS 035,215,216,13.4,13,16.6,15.9
DS 009,228,232,13.3,13.4,15.1,16.1
DS 033,230,229,13.9,13.8,15.2,14.8
DS 006,247,254,13.3,13.9,17.5,18.2
DS 010,203,202,8.8,9.2,13.2,12.1
DS 007,212,217,11.1,11.2,15.5,15.6
DS 002,236.5,239,13.8,13.8,16.6,18.7
DS 003,231,236,12.1,12.5,14.9,15.5
DS 004,235,235,12.8,12.2,14.4,15.3
DS 005,239.5,242,11.9,13.1,16.6,16.2
DS 008,228,230,11.2,11.6,16,15.2
2013-115-I-01,268,268,13,14,20,20
2013-116-I-01,271,270,14.5,15.4,16.7,18.2
2013-120-I-01,258,260,14,13,16,16
2013-151-I-01,257,255,12.4,12.2,13.2,13.8
2013-175-I-01,266,264,12,12,14,14
2013-176-I-01,277,277,13,13,14,15
2013-206-I-01,251,250,14,14,16,17
