ID,Rad_07,Rad_07R,Rad_08,Rad_08R,Rad_09,Rad_09R,Rad_04,Rad_04R,Rad_10,Rad_10R
847,15.9,15.7,14.7,14.3,8.6,9.1,19.4,19.6,29.2,28.5
1153,16.7,16.8,16.5,17.3,10.6,10.9,21,21.4,28.3,29.1
1523,19,19.1,17.7,18.2,10.1,9.6,21.7,21.6,32,32.6
UT13-88,20.3,19.9,18.7,19.7,12.3,13,27,27.1,38.2,38.8
RVO2/282B,18.6,17.8,18,20,11.8,11.8,22,23.9,35.6,34.5
RVO2/276B,18.2,18.1,15.9,15.9,10.3,10.4,22.2,22.7,30.1,32.2
RVO2/575B,19,19.3,19.7,20.1,11.9,12.1,24.1,25.5,34.4,33.9
RVO2/442B,21,21,18.4,18.4,11.3,10.6,24.6,24.8,37.4,37.4
RVO2/186B,18.8,19.1,16.7,17.4,10.2,10.4,22.9,23,35.5,35.3
RVO2/142B,17.5,18.5,17.6,18.5,11,11.9,25.1,24.9,36.4,38.3
RVO2/180B,19.3,18.6,18.9,19,12.3,12.8,23.4,22.4,37.2,36.8
RVO2/49B,20.3,19.8,21.4,22.1,12.3,11.7,25.2,24.9,34.7,34.7
RVO2/117B,20.9,21,20.8,20.3,11.6,11.5,25.2,24.6,35.4,36.5
ZJO6/560B,21.2,22.1,20.6,20.4,12.2,12.6,23.8,24.3,34.2,34.9
ZJO6/437B,18.2,18.9,18.6,18.7,12.6,12.8,25.8,25.4,36.8,36.4
ZJO6/644B,21.4,20.7,18.9,18.1,12.7,12.3,24,24.7,36,35.9
ZJO6/224B,22.5,21.2,19.2,18.9,12.6,12.5,27.9,27.1,38.7,39.6
ZJO6/628B,17,17.8,16.8,17,10.2,10.2,23.2,23.4,32.9,33.2
GLO1/177B,18.7,19.6,16.5,17.9,11.3,11.8,23.5,23.3,34.9,35.5
ZJO6/491B,16.9,16.8,18.4,17.6,9.9,10,22.9,22,33.1,33.1
GLO1/353B,17.8,18.1,18.9,19.3,11.2,11.3,25.4,25.2,33.9,34.1
GLO7/031B,16,16.1,14.8,15.3,9.9,10.5,26.1,25,34.4,34
ZJO6/155B,19.3,20,18.2,19.5,11.6,11.3,24.2,23.9,32.9,32.4
GLO7/026B,19.1,19.4,18.7,18.8,11.2,11.1,24.5,23.7,38.6,37.4
OLOVO 1/2/1,21,21.1,19.1,19.2,12.6,13.3,26.4,26.2,38,38.5
27-7-20/61062.0,15.94,15.37,15.09,15.7,10.32,9.93,23.39,23.28,33.6,32.53
27-7-20/61079.0,14.8,14.6,14.59,14.6,8.43,8.45,20.35,20.64,28.3,27.85
93-3-20/48009.0,14.82,15.23,13.51,13.44,8.41,8.76,19.95,20.07,29.77,29.45
27-7-20/61022.0,11.82,11.26,13.33,13.51,8.13,8.33,20.49,20.5,29.15,31.72
27-7-20/61002.0,13.94,14.14,14.6,14.21,8.07,8.51,19.62,20.23,28.12,27.88
325270,15.11,15.6,13.6,13.6,7.9,8.1,18.1,18,26,26.9
325266,18.9,19.2,16.9,17.5,12,12,23.18,23.7,36.3,36.5
325268,16.9,16.4,15.5,16.8,10.8,10.5,23.9,23.3,33.1,33.6
325269,17.3,18.7,17.9,17.5,10.1,10.9,24,24.8,33.9,34.2
325267,19.1,19.6,17.1,17.4,11.2,10.9,23.7,22.8,34.5,34.9
363722,16.6,17,15.2,15.4,10.3,10.6,22.3,23.2,31.2,31.4
363723,13.9,15.3,14.9,15.9,9.7,9.6,19.2,20.4,28.5,29.6
364426,15.9,15.9,14.9,15,9.6,10.4,21.3,22.3,29.6,31.9
364428,15.3,16.1,15.2,15.3,10.1,9.8,21.2,20.9,32.2,31.7
2001-008-I-01,17.8,18.4,17.1,17.1,10.9,10.9,22.9,25.2,34,34
2011-078-I-01,19.4,19.9,19.1,19.4,11.3,12.2,25.7,25.2,37,38
2005-103-C,17.9,16.8,16.5,16.3,11.1,11,23.4,23.7,33.8,34.5