ID,Sca_03,Sca_03R,Sca_04,Sca_04R,Sca_05,Sca_05R
RVO2/282B,35.8,34.3,27.8,29,48.9,50.2
RVO2/276B,33.2,34.6,26.8,27.7,41.8,40.1
RVO2/089B,38.5,37.6,28.2,29,48.6,47.2
RVO2/310B,36,36.7,29.1,29.1,44.1,44.2
RVO2/220B,37,36.6,25.9,24.8,49.7,48.6
RVO2/417D,34.5,34.6,30.1,30.6,45.5,44.6
RVO2/576B,38.6,38.8,31.2,30.5,47.8,49.4
RVO2/297B,38.1,37.4,27.7,27.9,42,43
RVO2/173B,38.4,36.1,26,26.2,43.9,44.2
RVO2/245B,36.3,38,28.1,29.8,49.5,46.4
RVO2/117B,39.3,40.4,32.2,30.7,46,50.3
RVO2/068B,42.5,42.8,33,32.9,59.9,56.7
ZJO6/560B,36.7,36.6,31.1,30.5,49.1,51.5
ZJO6/437B,39.5,39,31.7,31.3,47.5,48.8
ZJO6/644B,44.3,42.6,29.8,29.5,47.9,43.9
ZJO6/628B,36.5,35.8,29.4,27.8,49,49.5
GLO1/177B,40.1,40,30.2,31.3,48.7,49.6
ZJO6/491B,34.6,33.7,25.7,26.2,44.9,45.8
GLO1/353B,39,38.8,30,29,44.5,42.5
GLO1/340B,37.1,38.4,29.4,29.8,45.4,46.9
GLO7/031B,35.4,37.2,28,28.6,40.3,39.3
ZJO6/155B,40.6,39.8,31.7,32.5,50.5,49.2
GLO7/026B,41.3,42,30.2,29.2,46.7,49.9
2002-074,37.9,37.6,18.1,17.5,38.7,42.8
2001-006,38.2,39.6,29.3,29.4,49,48.6
381137,34.9,34.8,26.6,25.1,38.8,40
385723,32.2,32.9,23.5,24.1,44.3,44.1
325270,30.1,29.2,21.4,21.8,34.4,34.8
325266,36.7,37.6,28.7,29.3,43.7,45.6
325268,37.6,38.4,27.7,28.9,40.2,43.4
325269,35.7,37.6,26.8,28,51.9,47.5
325267,35.4,37.8,28.2,27.9,41.1,40.1
363722,34.6,34,27.5,28.5,44.8,39.7
363723,32.5,34,24.6,25.8,41.7,39.2
364426,34.4,35,26.8,26.4,39.1,39.6
364428,33.3,35.4,23.5,24.1,41.6,42.4
2001-008-I-01,37.2,37.4,27.3,27.6,47.1,46.6
2011-078-I-01,38.6,39.5,28.5,30,45.3,47