ID,Sca_01,Sca_01R,Sca_02,Sca_02R
UT1-83,147,146,106,106
UT1-87,162,164,106,104
UT1-88,132,133,92,93
UT10-88,147,145,106,113
UT11-93,160,159,103,101
UT11-95,139,138,97,97
UT12-90,171,164,118,120
UT12-92,140,138,89,89
UT12-94,163,160,105,107
UT15-89,157,155,115,116
UT17-90,138,137,90,88
UT17-91,165,166,101,98
UT17-92,161,165,100,97
UT2-81,158,164,110,106
UT2-93,161,156,114,112
UT20-94,162,161,104,105
UT4-91,153,157,97,96
UT4-92,163,166,109,109
UT5-91,152,150,97,98
UT5-95,162,156,110,109
UT6-86,162,163,110,108
UT6-97,154,151,100,100
UT7-86,151,154,97,97
UT7-89,153,154,107,107
UT71-1,125,127,92,97
UT71-3B,159,158,105,102
UT73-1,139,140,92,94
UT74-5,119,120,84,88
UT77-9,165,164,112,109
UT78-14,151,150,115,117
UT79-13,162,167,118,119
UT81-23,147,143,93,92
UT81-24,131,126,107,104
UT82-2,91,91,58,58
UT83-1,134,137,96,95
UT83-24,145,145,101,101
UT83-25,164,165,123,119
UT84-3,168,167,106,104
UT85-2,149,149,97,94
UT85-26,166,162,121,121
UT85-35,165,164,106,104
UT85-4,175,180,114,114
UT85-8,140,142,97,96
UT86-15,136,135,97,98
UT86-18,164,167,109,110
UT87-20,170,167,106,104
UT87-8,150,152,91,91
UT88-1,144,137,106,106
UT89-1,131,131,91,90
UT89-10,161,164,118,117
UT89-13/FA-89-67,132,131,91,92
UT89-23,168,170,113,111
UT89-24,140,142,88,86
UT89-9,95,93,66,65
UT9-87,137,139,90,88
UT90-28,165,167,123,122
UT90-44,166,170,116,113
UT90-8,166,166,107,103
UT91-10,177,177,116,116
UT91-30,154,158,108,107
UT91-34,151,147,100,100
UT91-36,160,156,111,111
UT92-15,167,163,112,112
UT92-28,155,151,97,98
UT93-42,178,175,116,111
UT95-15,70,72,50,49
UT95-25,168,160,114,113
UT95-8,143,143,100,101
UT96-32,107,109,73,73
UT96-33,149,138,96,93
UT96-35,158,154,109,105
UT97-185,168,167,103,103
UT97-20,154,155,107,105
UT98-13,165,160,106,104
RVO2/089B,162,157,110.6,111.2
RVO2/576B,177,173,102.3,106.9
RVO2/297B,159,163,103.3,104.9
RVO2/068B,180,180,118,120
ZJO6/560B,165,164,112.9,114.2
ZJO6/437B,168,166,119.3,117.1
ZJO6/644B,179,183,119.3,116.9
GLO1/177B,159,162,110.3,110.9
ZJO6/491B,141,146,103.9,102.6
GLO7/031B,159,155,101.6,101.2
ZJO6/155B,168,167,112.6,110.3
27-7-20/61062.0,161,159,101.59,101.09
27-7-20/61079.0,136,133,88.57,89.14
93-3-20/48009.0,140,138,88.91,89.05
27-7-20/61022.0,133,136,95.19,92.62
27-7-20/61002.0,129,127,91.52,89.03
381137,152,156,95.8,97.2
325270,119,121,83.4,83
325266,164,167,104.9,106.5
325268,150,150,109.7,109.7
325269,153,154,103.2,104.1
325267,166,161,104.8,107.4
363722,144,138,110.3,104.8
2001-008-I-01,158,163,93,92
2011-078-I-01,183,181,107.1,108.1
2011-026-I-01,155,156,101,104
2011-027-I-01,158,156,111,113
DS 001,164.5,167,107.2,107.8
DS 034,155.5,157.5,104.3,103.7
DS 035,144.9,151.2,104.8,102.1
DS 009,166,167.5,110.5,109.6
DS 033,156.5,156,105.4,104.3
DS 006,162,165,111.8,115.1
DS 011,146,143.3,106.6,105.5
DS 010,150.8,151,89.7,87.5
DS 007,146.1,140.7,94.1,94.8
DS 002,161,161,118,118.7
DS 003,158,157.5,107.3,108.5
DS 004,141,139.5,101.3,100.1
DS 005,172,174,105.9,107.3
DS 008,150.8,144.6,95.4,93.4
2013-115-I-01,159,157,107,104
2013-116-I-01,179,178,99.1,101.4
2013-122-I-01,161,155,115,113
2013-148-I-01,143,141,98,99
2013-151-I-01,148.2,151.1,110,108.8
2013-175-I-01,174,171,108,110
2013-204-I-01,159,163,112,114
2013-206-I-01,165,165,109,109
