ID,Tib_01,Tib_01R,Tib_02,Tib_02R,Tib_03,Tib_03R,Tib_04,Tib_04R,Tib_05,Tib_05R
UT1-87,404,397,82,82,53,55,36,34,24,26
UT10-88,399,393,81,79,50,51,42,39,24,23
UT11-95,367,366,73,73,49,49,33,31,22,23
UT12-88,410,411,79,79,50,48,40,39,25,26
UT12-92,349,348,69,69,46,46,34,35,21,21
UT12-94,386,382,76,75,50,49,37,37,24,26
UT16-93,425,430,79,81,52,53,38,40,33,32
UT17-91,379,371,76,76,50,49,34,32,23,24
UT17-92,396,398,75,75,51,50,37,38,27,26
UT2-81,384,388,84,84,57,56,39,39,27,28
UT2-93,389,387,79,78,50,49,41,41,24,24
UT20-94,344,342,75,75,50,50,32,34,25,25
UT4-91,341,340,75,72,49,48,39,38,26,28
UT5-95,387,384,81,83,56,56,33,32,21,22
UT6-86,380,379,83,84,55,54,38,37,24,24
UT6-97,378,380,72,74,49,47,34,32,20,20
UT71-1,334,335,67,66,45,46,30,29,21,21
UT71-3B,370,372,75,75,50,48,35,35,26,27
UT72-3,385,386,75,74,50,50,36,36,24,23
UT74-5,337,334,64,64,40,37,33,32,23,25
UT79-13,407,402,78,78,54,53,34,35,27,25
UT83-1,342,341,65,66,44,43,30,28,21,20
UT83-29,386,384,74,76,44,43,34,33,25,25
UT85-26,430,428,82,82,55,53,44,43,29,29
UT85-8,371,372,68,68,43,43,28,31,20,20
UT86-15,343,343,65,63,44,45,30,30,22,22
UT87-18,399,388,78,78,51,49,31,28,22,22
UT87-20,383,384,78,77,50,51,34,35,26,27
UT89-1,337,338,64,66,44,44,29,29,19,19
UT89-10,395,397,81,80,54,54,37,37,23,23
UT89-13/FA-89-67,346,346,72,72,45,44,29,30,22,23
UT89-18,399,399,79,80,40,38,36,37,25,25
UT89-23,376,376,76,76,46,46,31,31,25,26
UT89-24,328,327,66,66,41,42,29,28,18,19
UT9-87,396,393,63,65,47,48,30,33,22,23
UT90-29,387,388,77,77,46,46,31,31,23,23
UT90-40,402,404,81,80,51,52,39,39,25,23
UT90-4;FA89-172,365,364,72,75,45,44,33,33,24,24
UT91-10,442,442,84,83,51,51,40,36,31,27
UT91-30,376,381,79,80,57,58,37,39,26,28
UT91-34,385,385,74,73,47,48,34,33,23,24
UT91-42,429,430,80,77,48,49,39,39,28,28
UT92-15,405,411,82,83,58,58,39,39,25,26
UT95-15,163,162,39,39,28,28,16,15,15,15
UT95-8,390,389,73,72,49,47,30,30,23,22
UT96-33,404,405,77,76,50,49,36,36,24,24
UT97-185,387,391,74,74,49,52,35,35,23,24
UT98-13,387,382,79,76,54,51,39,40,28,26
RVO2/276B,362,360,71,72,47,48,38,34.8,24.7,23.9
RVO2/089B,374,373,81,81,49,48,39.7,35,30.1,29.2
RVO2/310B,382,381,80,79,54,54,37.2,36.2,24.1,23.5
RVO2/576B,373,376,78,79,50,49,35.8,37.1,25.9,27
RVO2/297B,383,382,81,81,49,50,36,35.9,25.5,25.2
RVO2/173B,392,390,80,80.5,52,51,40,39.5,23.4,25.2
RVO2/180B,410,405,81,82,53,53,37.8,36,31.2,28.5
RVO2/437B,384,378,82,84,52,54,36.4,35.4,25.3,25.1
RVO2/262B,398,403,79.5,77,54,54,36.6,36.7,26.1,25.4
RVO2/49B,369,369,81,81,53,55,37.5,37.5,28.2,27.7
RVO2/117B,426,428,84,84,52.5,52.5,39.9,39.1,29.5,29
ZJO6/560B,394,395,81,81,50,50,39.9,41.6,27.7,29.7
ZJO6/437B,408,406,83,84,52,53,39,41.1,27.6,28.1
ZJO6/644B,408,410,82,83,53,53,40.3,40.2,30.9,29.8
ZJO6/224B,420,416,84,85,60,60,41.6,42.9,26.1,28.5
ZJO6/628B,386,387,79,78,48,49,38.5,37,28.4,28.2
GLO1/177B,389,385,81,80.5,52,52,37.1,37.4,22.8,24.1
GLO1/353B,389,388,80,80,50,50,36.7,38.6,25.8,26.5
GLO1/340B,393,391,81,82,53,51,35.5,34.3,27.8,26.9
ZJO6/582B,411,409,84,84,53,53,41.3,38.8,26.2,27
ZJO6/155B,396,395,82,80,50,49,39.5,39.8,29.2,29.8
ZJO6/258B,400,403,77,79,50,49,37.6,38.8,27.5,28.2
GLO7/026B,378.5,377,79,79,54,52,38,36.8,25.2,25.9
GLO9/018B,386,382,81,80,56,56,39.7,38.8,30.5,29.6
OLOVO 1/3/1,402,400,81,83,51,51,34.1,33.7,28.7,27.9
2001-154,353,352,70,70,46,45,32.8,31,18,18.8
27-7-20/61062.0,357,361,72,71,46,46,31.91,28.3,21.2,21.51
27-7-20/61079.0,315,318,70,70,44,44,28.46,28.53,18.35,17.91
93-3-20/48009.0,338,335,70,70,46,45,28.95,26.92,19.01,18.89
27-7-20/61022.0,357,357,70,71,43,43,28.29,28.57,19.16,19.29
27-7-20/61002.0,320,320,65,66,42,41,28.8,28.39,19.6,18.78
2002-150-I-01,382,382,79,80,57,56,40,37.3,26.3,27.5
381137,339,340,75,74,44,44,32.2,31.2,22.6,20.5
325270,297,296,63,63,40,40,25.8,29.3,19.1,21.2
325266,363,373,84,84,53,52,37.8,37.6,30.5,27.8
325268,368,368,75,75,52,51,34.2,34.5,20.3,20.7
325269,340,340,81,80,50,51,36,34.9,23.8,24.1
363722,359,359,71,71,47,47,29.3,30.3,22.3,21.3
363723,325,326,72,72,45,46,30.7,33.8,19.9,25.6
364428,374,372,75,75,50,50,32.3,31.6,24.1,23.7
2001-008-I-01,378,378,73,73,51,50,32.4,33.2,21.5,21.7
2011-078-I-01,426,419,84,85,57,56,37.1,41.9,33.4,29.6
2011-026-I-01,404,407,73,74,49,51,31,30,22,22
2011-027-I-01,412,409,84,83,53,53,37,37,27,28
2011-028-I-01,368,367,79,78,52,52,34,37,24,26
2009-130-I-02,350,351,78,81,48,49,35,34,26,24
DS 001,394,391,81,81,56,55.5,36,35.8,24.9,24.8
DS 034,361,362.5,76.5,77,56.5,55.5,31.2,32.3,24.1,24.6
DS 035,339,334,78.5,77.5,57,54,36.6,36.4,27.2,27.6
DS 009,344,344,80,78,55,54,34,32.7,24.7,24
DS 033,353,350.5,77,77.5,52,52,31.3,29.9,25.3,24.7
DS 006,388.5,384,83,83,61,59.5,35.5,36.4,27.9,27.8
DS 010,312,313.5,63,64.5,46,45.5,25.2,27,21.7,19.1
DS 007,361,361,71.5,71.5,46.5,46.5,31.3,32.2,25.3,25.2
DS 002,364,362,77,76.5,56,56,35,34.2,25.1,25.4
DS 004,358,360,74.5,74.5,56,56.5,34.6,35.2,22.3,25.1
DS 005,349,344,79,80.5,58.5,57,35.5,36.7,23.7,24.6
DS 008,335,333,70,69.5,43.5,47.5,27.6,27.1,19.2,19.6
2013-115-I-01,409,409,81,79,51,50,37,41,26,26
2013-120-I-01,383,384,79,79,52,54,35.5,36,24,24
2013-148-I-01,337,337,74,74,48,48,35,33,25,23
2013-151-I-01,385,385,80,80,51,52,33.2,32.5,22.2,23.1
2013-175-I-01,395,396,77,78,53,55,32,35,22,21
2013-176-I-01,420,418,76,77,48,49,37,38,27,27
2013-213-I-01,427,419,74,73,49,49,35.7,33.6,24,24
