ID,Tib_10,Tib_10R,Tib_11,Tib_11R,Tib_12,Tib_12R
RVO2/276B,34.1,32.6,24.8,24,27.3,27.6
RVO2/089B,35,33.1,26.8,24.4,30.8,31
RVO2/310B,35.4,33.6,23,23.9,30,30.8
RVO2/210B,33.2,33.5,25.5,28,34.3,35
RVO2/576B,32.2,32.5,22.3,22.7,33.3,35.3
RVO2/297B,33.4,33.1,25.6,25,31,33.1
RVO2/173B,36.1,35.7,28.2,26.2,35.5,39.1
RVO2/575B,38.6,39.8,24.5,25.7,40.7,35.9
RVO2/180B,39,39.8,25.8,25.4,35,34
RVO2/437B,35.3,33.3,23.8,23.9,35.3,34.8
RVO2/262B,34.9,37.1,24.6,25.9,31,32.7
RVO2/49B,35.8,36.2,29.6,28.2,33.2,29.3
RVO2/117B,35.1,35.6,28,28.4,36.9,37.4
ZJO6/560B,38.7,37.6,27.7,25.6,32.1,34.1
ZJO6/437B,38.5,38.2,27.3,27.8,35.8,36.7
ZJO6/644B,42.1,39,28,27.3,34.9,32.4
ZJO6/224B,37.7,39,25.7,26.5,37.2,36.3
ZJO6/628B,36.3,34,27.4,26.3,34.6,34.3
GLO1/177B,32.9,34,26.9,27,33.7,33.1
GLO1/353B,36.2,38.4,26.4,24.9,31.4,32.9
GLO1/340B,35.6,37.2,24.3,25.1,31.5,30.7
ZJO6/582B,38.1,39.4,26.9,28.3,32.5,34.1
ZJO6/155B,39.7,39.3,27.3,27,31.5,33.3
ZJO6/258B,34.9,35.9,24,24.5,33,35
GLO7/026B,35,34.1,27.2,26.8,35.4,35.1
363722,26.8,27.3,20.5,21.1,29.6,29.8
363723,28.1,28.3,22.2,22.1,28.9,29.7
364426,27,26.5,19.9,19.3,28,27.8
364428,30.1,30.7,23.3,23.5,30,29.4
2001-008-I-01,30.8,32.1,24,23.9,39.7,39
2011-078-I-01,33.3,33.9,26.1,26.5,36.3,36.3