Anc,Stature,Hum_01,Rad_01,Uln_01,Fem_01,Tib_01,Fib_01
W,156,290,235,254,418,347,341
W,156,297,224,242,418,333,337
W,157,313,233,253,411,351,345
W,158,298,227,250,413,342,338
W,158,305,217,233,411,337,333
W,159,288,223,243,409,334,319
W,159,327,241,256,463,393,378
W,160,289,216,231,435,339,334
W,160,304,233,246,431,345,341
W,160,307,242,261,417,345,341
W,160,311,245,267,418,350,343
W,160,316,231,253,434,353,344
B,160,316,232,250,436,364,364
B,160,319,238,260,456,371,356
W,160,320,229,251,433,352,346
W,160,323,228,242,431,352,347
B,160,323,245,267,451,377,370
W,161,293,230,245,419,341,338
W,161,298,225,245,404,351,340
W,161,301,225,249,423,342,331
W,161,310,229,250,419,360,353
W,161,311,235,254,425,356,351
B,162,309,231,250,444,363,356
W,162,321,229,248,451,356,348
B,162,328,276,297,490,409,401
W,163,296,237,261,416,353,349
W,163,303,231,251,422,340,333
W,163,303,238,251,426,339,338
W,163,304,227,242,434,364,353
W,163,304,229,252,422,344,337
W,163,305,226,245,443,350,345
B,163,308,246,266,449,377,359
W,163,309,223,241,441,352,349
B,163,310,254,275,439,378,367
W,163,311,222,241,425,347,342
W,163,312,234,250,446,350,349
W,163,312,225,247,435,358,359
W,163,312,232,250,421,351,349
W,163,316,234,254,445,358,352
W,163,317,232,250,444,360,350
W,163,317,224,245,433,348,333
W,163,317,235,257,451,368,361
W,163,317,231,244,439,359,356
W,163,318,231,251,441,351,348
W,163,319,235,251,457,364,358
W,163,320,236,249,430,360,351
W,163,320,242,260,438,368,360
W,163,320,220,240,446,365,363
W,163,322,250,268,440,376,369
W,163,324,227,250,439,359,351
W,163,325,256,271,485,401,389
W,163,334,232,251,446,368,361
B,163,335,265,280,460,381,370
B,163,335,261,276,451,386,376
W,163,337,243,262,456,370,362
W,164,301,237,254,437,365,353
W,164,301,227,244,418,344,331
W,164,303,240,260,431,354,348
W,164,307,227,245,438,350,340
W,164,309,230,254,429,355,353
W,164,310,233,251,432,350,342
W,164,312,234,255,440,361,357
W,164,313,227,253,416,345,342
W,164,314,238,257,451,356,344
W,164,315,232,255,432,355,351
W,164,315,223,236,425,343,342
W,164,317,236,258,443,362,360
W,164,318,231,248,448,353,341
W,164,319,243,257,454,373,361
W,164,320,225,245,444,364,356
W,164,322,231,254,446,363,357
W,164,323,241,259,454,351,344
W,164,325,242,258,458,367,361
W,164,326,245,263,464,355,357
W,164,327,239,249,431,364,355
W,164,328,235,253,443,356,351
B,164,328,258,275,463,376,369
W,164,330,244,263,461,385,375
W,164,331,240,263,458,372,365
W,165,301,236,261,436,355,353
W,165,305,228,245,457,359,350
W,165,306,234,255,449,354,346
W,165,308,234,252,442,356,345
W,165,309,238,258,438,356,352
W,165,311,228,250,431,365,366
W,165,311,234,254,437,366,361
W,165,314,230,250,431,357,353
W,165,315,233,259,443,357,351
W,165,316,234,255,444,367,356
W,165,318,239,260,428,361,358
B,165,319,246,261,456,380,368
W,165,320,233,252,444,361,360
W,165,321,229,248,441,346,341
W,165,321,247,266,450,373,368
W,165,321,246,270,455,374,365
W,165,322,240,252,447,368,362
W,165,322,238,259,443,367,361
W,165,323,244,260,411,354,350
W,165,323,236,257,447,358,351
W,165,324,252,277,433,365,362
W,165,324,247,269,448,365,363
W,165,324,232,251,439,358,356
W,165,324,245,271,453,364,367
B,165,324,246,263,450,372,361
W,165,325,247,271,437,372,362
W,165,325,239,261,448,383,387
W,165,327,242,255,465,378,370
W,165,328,247,267,449,369,362
B,165,328,243,261,449,369,363
W,165,330,243,264,461,371,370
W,165,330,242,263,429,364,355
W,165,330,248,269,450,367,363
W,165,331,245,263,473,379,375
W,165,331,243,255,448,375,369
W,165,332,254,264,449,384,370
W,165,334,250,271,469,390,385
W,165,337,243,264,466,374,365
W,165,341,247,268,451,365,362
W,166,306,243,257,443,371,366
W,166,306,245,259,428,364,356
W,166,312,244,259,446,372,370
W,166,313,221,244,439,355,348
W,166,314,237,259,434,358,355
W,166,314,225,245,433,348,349
W,166,315,242,260,449,371,355
W,166,316,236,252,442,363,355
W,166,316,244,265,459,374,372
W,166,316,251,267,448,365,359
W,166,320,224,247,443,340,341
W,166,321,241,262,447,363,360
W,166,321,241,261,461,380,371
W,166,322,245,268,448,367,359
W,166,323,245,259,463,379,371
W,166,325,233,250,447,352,346
W,166,325,237,254,445,374,365
W,166,326,239,258,451,360,364
W,166,327,247,263,456,355,353
W,166,328,247,264,454,376,373
W,166,330,244,264,453,367,358
W,166,331,246,259,434,357,361
W,166,332,252,273,473,366,365
W,166,333,242,261,454,366,359
W,166,334,247,268,439,378,370
W,166,335,258,258,455,371,369
B,166,337,255,278,472,397,391
W,166,341,253,269,457,380,374
W,167,317,242,258,444,366,359
B,167,325,246,258,462,388,377
W,167,326,251,273,453,392,383
W,167,329,236,255,450,372,362
B,167,341,261,279,476,381,366
W,168,298,243,265,440,383,374
W,168,299,219,242,444,352,343
W,168,303,216,235,446,343,344
W,168,305,234,254,426,352,345
W,168,305,233,250,449,385,371
W,168,306,222,238,449,368,365
W,168,306,232,245,454,373,356
W,168,307,225,245,445,364,351
W,168,309,234,254,459,366,361
W,168,309,239,258,439,357,354
W,168,310,233,252,440,356,351
W,168,310,229,247,441,363,361
W,168,311,243,262,438,369,364
W,168,311,239,258,470,381,371
W,168,311,231,248,440,355,351
W,168,313,248,270,457,365,363
W,168,314,242,258,452,381,369
W,168,314,240,257,438,361,355
W,168,315,237,258,448,366,361
W,168,315,230,247,449,359,345
W,168,316,245,267,479,400,393
W,168,316,244,262,452,376,368
W,168,317,241,260,453,379,369
W,168,317,230,251,448,369,363
B,168,317,265,290,443,393,392
B,168,318,241,259,457,374,365
W,168,321,236,254,459,360,357
W,168,322,237,257,439,361,368
W,168,323,247,267,452,371,371
W,168,323,227,244,464,353,339
W,168,324,248,259,460,380,374
W,168,324,233,251,461,370,361
W,168,324,247,265,449,371,367
W,168,324,241,263,439,374,369
W,168,324,246,261,463,379,372
W,168,324,238,259,462,374,373
W,168,325,238,257,443,358,352
W,168,325,235,254,455,378,367
W,168,325,245,263,449,381,376
W,168,325,229,248,439,350,342
W,168,326,252,267,460,366,362
W,168,326,245,256,456,374,369
W,168,326,243,263,463,366,360
W,168,329,235,260,459,360,359
W,168,329,251,274,450,375,375
W,168,329,226,248,458,374,365
W,168,329,236,263,468,378,373
W,168,330,247,268,463,386,367
W,168,332,248,263,454,375,366
W,168,332,245,263,462,391,376
W,168,335,238,254,473,375,370
W,168,340,238,260,449,373,367
W,168,352,253,273,486,386,393
W,169,304,216,231,442,355,353
W,169,312,229,247,443,356,348
W,169,313,241,258,442,364,362
W,169,313,234,258,435,362,363
W,169,316,234,251,443,369,362
W,169,317,240,261,461,368,364
W,169,320,244,261,457,360,359
W,169,320,238,253,455,378,374
W,169,320,243,260,450,371,371
W,169,322,254,268,456,371,363
W,169,322,242,262,465,371,371
W,169,324,238,254,447,371,366
W,169,325,242,259,457,374,371
W,169,326,241,264,462,371,363
W,169,327,254,274,462,389,386
W,169,327,246,263,448,382,375
W,169,327,232,249,429,349,346
W,169,329,250,269,452,390,393
W,169,330,240,257,448,371,357
W,169,331,249,273,466,392,388
B,169,331,259,279,493,401,396
W,169,332,241,258,449,375,371
W,169,333,249,270,463,366,361
W,169,334,244,256,465,379,365
B,169,334,259,284,453,373,364
W,169,337,249,274,471,382,384
W,169,337,238,256,469,375,365
B,169,337,258,276,480,384,378
W,169,338,250,265,481,381,373
W,169,338,258,275,474,382,381
W,169,341,246,267,470,381,378
B,169,341,261,281,483,402,385
W,169,361,256,271,479,398,393
B,170,308,248,268,455,368,356
W,170,309,240,253,432,368,359
W,170,310,240,261,445,370,363
W,170,310,231,250,450,357,351
W,170,310,236,257,435,360,361
W,170,313,235,248,453,374,367
W,170,313,229,252,454,360,357
W,170,313,242,260,454,377,370
W,170,313,249,267,467,386,382
W,170,314,239,261,447,376,371
W,170,315,237,255,448,359,356
W,170,315,246,263,459,376,377
W,170,316,241,258,462,377,367
W,170,316,234,252,450,374,372
W,170,317,253,271,454,389,383
B,170,317,254,274,478,378,362
W,170,318,248,268,431,361,358
W,170,318,243,264,456,371,367
W,170,318,240,263,460,374,363
W,170,319,240,258,467,366,363
W,170,319,232,250,449,365,360
W,170,319,245,263,456,384,381
W,170,320,251,262,470,379,381
W,170,320,244,262,453,359,353
W,170,320,233,255,449,360,355
W,170,320,235,253,469,380,375
W,170,321,245,268,456,370,361
W,170,322,242,263,461,373,363
W,170,322,239,252,446,379,371
W,170,323,237,256,451,361,356
W,170,323,239,249,456,364,357
W,170,325,242,260,463,383,375
W,170,326,245,260,464,387,382
W,170,326,248,263,472,370,368
W,170,326,241,256,463,384,372
W,170,327,234,251,458,374,369
W,170,327,242,257,456,368,364
W,170,327,243,262,478,384,381
W,170,327,244,262,450,381,374
W,170,327,249,267,444,370,360
W,170,327,250,266,446,366,360
W,170,328,237,255,442,371,366
W,170,328,246,269,471,389,379
W,170,329,232,258,452,378,373
W,170,329,236,249,446,366,357
W,170,329,247,267,452,385,379
W,170,330,234,253,456,371,362
W,170,331,245,265,463,382,378
W,170,331,252,274,463,368,365
W,170,331,247,263,445,391,384
W,170,331,249,266,460,383,366
W,170,332,250,269,454,377,373
W,170,332,250,271,450,377,370
W,170,332,249,265,461,372,364
W,170,334,245,267,465,391,380
W,170,334,244,262,465,377,373
W,170,335,253,277,474,384,386
W,170,335,248,265,466,365,361
W,170,335,254,269,455,383,373
W,170,335,250,277,473,394,380
W,170,336,244,268,455,367,372
B,170,336,275,300,483,418,408
W,170,337,237,260,461,373,367
W,170,338,253,274,469,375,366
W,170,338,240,261,468,373,367
B,170,338,276,288,489,420,412
W,170,339,253,275,465,392,388
W,170,339,255,278,456,391,389
B,170,339,260,271,494,411,400
W,170,341,262,279,463,384,382
W,170,342,248,265,469,386,369
W,170,342,241,260,470,367,360
W,170,343,242,267,476,398,391
W,170,343,249,264,464,376,374
B,170,345,265,287,490,405,392
W,170,348,237,253,468,375,372
W,170,350,260,274,477,400,392
W,170,350,242,257,476,373,362
W,171,308,231,246,440,359,357
W,171,314,241,260,461,377,372
W,171,315,247,269,449,371,362
W,171,316,231,248,444,380,367
W,171,317,242,262,460,369,370
W,171,318,236,256,434,362,358
W,171,318,242,264,463,366,361
W,171,320,233,254,464,366,363
W,171,321,234,250,464,366,352
W,171,322,238,261,465,389,374
W,171,323,238,260,469,377,374
W,171,323,261,279,455,388,385
W,171,323,236,252,462,367,366
W,171,324,242,258,462,387,375
W,171,325,250,271,460,376,371
W,171,325,249,265,468,379,370
W,171,326,247,266,459,378,372
W,171,327,241,262,479,382,372
W,171,327,243,257,452,367,367
W,171,327,239,256,457,376,370
W,171,327,242,254,453,373,368
W,171,328,250,270,456,377,373
W,171,328,243,259,465,385,371
W,171,329,250,274,471,386,378
W,171,329,243,261,487,392,382
W,171,329,231,250,459,378,369
W,171,330,256,276,467,375,372
W,171,330,243,261,480,383,379
W,171,330,241,262,458,372,367
W,171,330,235,255,449,360,344
W,171,330,241,258,468,364,359
W,171,331,246,270,465,373,370
W,171,331,255,275,481,391,379
W,171,331,239,257,481,386,379
W,171,332,257,272,476,396,383
W,171,335,252,269,466,393,388
W,171,335,245,265,458,377,373
W,171,336,223,245,469,377,366
W,171,337,239,255,445,371,367
W,171,338,263,282,467,389,383
W,171,338,251,275,451,380,368
W,171,338,249,267,465,380,377
B,171,338,260,284,465,390,381
W,171,340,255,272,484,386,381
W,171,341,251,272,474,375,375
W,171,342,256,270,469,377,372
W,171,344,261,279,471,382,368
W,171,344,248,262,469,392,384
B,171,344,286,305,492,425,415
W,171,345,268,288,497,397,396
W,171,345,256,273,471,397,389
B,171,347,250,263,481,403,391
W,171,352,269,290,476,402,399
W,171,360,262,276,481,399,388
W,172,316,239,258,453,381,374
W,172,324,257,281,469,388,379
W,172,327,246,264,457,372,357
W,172,330,245,263,460,372,359
W,172,335,258,276,472,393,388
W,172,336,247,268,460,378,372
W,172,338,250,269,474,384,379
W,172,341,240,261,477,375,373
B,172,345,268,283,469,421,417
W,172,350,254,279,465,401,392
W,173,316,236,253,465,379,380
W,173,317,239,259,475,366,357
W,173,320,234,254,459,378,374
W,173,322,244,263,460,385,372
W,173,324,238,258,456,383,371
W,173,324,246,265,473,387,372
W,173,325,250,267,449,370,360
W,173,325,251,263,463,386,376
W,173,325,238,257,461,371,370
W,173,325,252,270,467,379,365
W,173,325,244,264,450,382,372
W,173,325,249,266,469,382,372
W,173,325,246,265,455,380,378
W,173,327,246,265,479,401,389
W,173,327,243,267,450,394,381
W,173,327,239,257,450,375,368
W,173,328,237,256,461,373,371
W,173,328,243,265,463,379,377
W,173,329,239,259,466,375,377
W,173,329,245,272,436,370,370
W,173,329,258,274,467,384,384
W,173,329,257,278,462,395,385
W,173,329,241,265,470,392,391
W,173,330,253,271,449,377,368
W,173,330,242,255,462,375,370
W,173,331,250,264,463,385,376
W,173,331,239,256,456,362,362
W,173,331,253,276,478,387,385
W,173,331,258,274,496,406,398
W,173,331,246,267,472,380,379
W,173,332,259,281,483,402,394
W,173,332,242,263,469,393,382
W,173,332,255,267,462,375,372
W,173,332,243,261,476,386,376
W,173,332,249,277,453,390,388
W,173,333,246,264,475,382,373
W,173,333,248,272,488,384,381
W,173,334,251,272,484,391,387
W,173,334,249,270,466,376,364
W,173,334,247,264,475,388,381
W,173,335,237,256,465,379,373
W,173,335,250,266,470,397,390
W,173,335,256,272,469,383,377
W,173,335,245,257,482,383,377
W,173,335,247,259,461,385,377
W,173,335,248,267,484,403,394
W,173,336,252,272,469,381,366
W,173,336,247,265,484,378,369
W,173,336,243,264,468,381,373
W,173,337,246,260,461,377,364
W,173,337,251,268,473,395,394
W,173,338,259,275,482,402,396
B,173,338,271,290,481,398,393
W,173,339,255,279,463,395,387
W,173,339,248,267,469,389,383
W,173,339,254,271,477,380,379
W,173,339,236,257,463,375,363
W,173,339,242,265,474,367,370
W,173,340,252,270,485,393,382
W,173,340,239,257,480,378,379
W,173,341,261,282,484,395,392
W,173,341,259,274,477,400,398
W,173,341,260,280,476,394,389
W,173,341,262,277,478,396,392
W,173,341,245,265,471,375,373
W,173,341,249,273,457,385,373
B,173,341,279,300,483,422,411
W,173,342,244,264,470,390,380
W,173,342,258,279,475,392,387
W,173,342,254,269,474,396,390
W,173,343,250,264,464,381,378
W,173,343,250,271,495,380,382
W,173,344,258,274,493,397,391
W,173,344,249,266,470,378,368
W,173,344,243,260,481,378,375
W,173,344,256,272,479,393,387
W,173,344,258,278,478,402,392
W,173,346,254,274,480,378,371
W,173,346,263,277,468,387,378
B,173,346,274,287,486,426,415
W,173,347,254,270,492,398,382
W,173,348,258,278,469,394,389
W,173,349,256,279,479,389,386
W,173,349,265,282,474,389,375
W,173,352,259,277,498,411,393
W,173,353,258,273,492,380,368
B,173,355,284,298,517,442,425
B,173,355,269,286,507,421,408
W,173,358,268,280,490,394,391
W,173,363,269,285,502,423,416
W,173,363,275,298,503,438,411
W,174,300,226,248,443,338,331
W,174,311,237,261,455,366,363
W,174,313,253,274,455,395,391
W,174,320,243,264,470,386,373
W,174,320,234,256,450,354,343
W,174,321,253,278,474,410,398
W,174,322,252,269,450,390,379
W,174,322,245,268,463,382,374
W,174,322,248,265,481,386,380
W,174,323,233,252,480,377,370
W,174,323,241,263,465,384,376
W,174,323,247,265,478,378,373
W,174,326,245,268,480,372,364
W,174,327,259,283,443,386,384
W,174,327,260,278,485,398,395
W,174,327,240,260,457,386,372
W,174,328,248,271,459,397,386
B,174,328,260,278,474,402,387
W,174,329,249,274,477,381,374
W,174,329,240,255,471,368,367
W,174,329,247,264,483,377,367
W,174,330,247,265,455,392,391
W,174,330,241,258,470,378,373
W,174,331,238,253,471,373,366
B,174,332,251,271,484,410,383
W,174,333,254,274,474,399,394
W,174,334,252,269,485,411,398
B,174,334,252,285,486,407,401
W,174,335,252,267,474,384,369
W,174,335,243,261,458,368,360
W,174,335,247,266,453,364,368
W,174,335,241,261,455,383,376
W,174,335,253,272,448,383,382
W,174,335,245,268,475,388,388
W,174,336,257,275,482,386,376
W,174,340,254,270,475,388,377
W,174,340,253,269,478,393,383
W,174,340,246,258,467,384,374
W,174,342,258,280,485,407,396
W,174,342,252,267,496,406,396
B,174,342,260,285,486,403,397
W,174,343,257,279,485,399,389
W,174,343,257,277,476,405,394
B,174,343,272,290,508,428,427
W,174,345,257,279,494,391,385
W,174,347,254,269,473,400,385
W,174,349,250,269,468,375,370
B,174,350,271,293,507,429,422
W,174,352,260,279,474,402,389
W,174,354,263,283,491,408,404
W,174,357,260,278,501,388,382
W,175,300,243,261,475,387,378
W,175,310,236,257,453,394,379
W,175,318,229,250,427,359,354
W,175,319,242,256,471,377,371
W,175,320,243,262,463,380,376
W,175,321,249,273,467,383,378
W,175,322,244,259,467,376,381
W,175,322,243,257,442,380,374
W,175,323,238,255,469,379,367
W,175,324,254,265,454,366,359
W,175,324,240,259,473,376,373
W,175,325,230,250,489,386,377
W,175,325,249,272,477,386,376
W,175,325,252,274,466,390,385
W,175,326,248,265,488,398,391
W,175,327,245,266,481,383,376
W,175,328,247,268,465,380,378
W,175,329,245,265,464,380,379
W,175,329,231,255,477,362,361
W,175,329,250,266,482,392,374
W,175,330,255,274,473,385,380
W,175,330,256,278,483,387,374
W,175,330,262,277,484,414,403
W,175,330,248,268,456,387,382
W,175,330,245,263,464,378,377
W,175,331,248,271,463,393,393
W,175,332,263,279,479,390,378
W,175,332,251,268,484,397,396
W,175,332,245,261,470,376,368
W,175,332,236,261,469,405,402
W,175,333,246,262,458,386,379
W,175,333,255,273,484,403,383
W,175,333,241,259,465,390,380
B,175,333,268,294,509,434,423
W,175,334,257,273,479,391,383
W,175,335,254,273,470,383,382
W,175,335,251,270,476,389,382
W,175,335,253,276,462,379,371
W,175,335,252,276,474,385,376
W,175,336,250,275,470,390,383
W,175,336,249,269,471,374,370
W,175,336,258,275,495,412,402
W,175,336,250,268,468,384,380
W,175,336,265,281,482,395,385
B,175,336,272,288,473,410,400
W,175,337,235,257,489,377,371
W,175,337,251,267,482,400,388
W,175,337,249,265,468,383,375
W,175,337,252,270,481,389,382
B,175,337,267,289,497,429,414
W,175,338,245,266,470,392,375
W,175,338,249,269,464,379,378
W,175,338,265,282,485,400,391
W,175,339,251,269,484,403,397
W,175,339,255,273,476,378,377
W,175,339,269,289,486,415,405
W,175,339,260,278,495,410,397
W,175,339,257,271,480,388,379
W,175,340,248,265,473,403,386
W,175,340,263,275,466,382,376
W,175,340,256,274,479,385,381
W,175,340,248,273,489,387,383
W,175,341,266,285,475,403,391
W,175,341,253,272,469,391,383
W,175,341,244,263,464,389,388
W,175,342,261,279,475,387,385
W,175,342,258,277,472,402,393
W,175,343,255,275,487,406,400
W,175,343,260,278,477,392,378
B,175,343,280,301,497,442,434
B,175,343,273,297,483,411,407
W,175,344,254,275,500,394,393
W,175,344,264,282,488,399,392
W,175,344,259,276,478,404,396
W,175,344,262,287,489,404,393
W,175,345,255,274,476,393,376
W,175,346,252,269,497,397,391
W,175,346,256,273,482,401,393
W,175,346,251,268,492,405,399
W,175,347,252,271,468,392,380
W,175,347,259,278,488,395,391
W,175,348,263,281,501,407,404
W,175,348,254,270,493,408,394
W,175,349,252,266,474,397,393
W,175,349,259,279,509,412,401
W,175,350,258,273,502,408,396
W,175,350,256,273,487,406,406
W,175,351,255,275,461,391,380
W,175,352,258,275,507,394,391
W,175,352,268,286,484,402,394
W,175,353,261,278,486,391,386
B,175,353,259,281,505,415,403
W,175,355,274,290,476,402,397
W,175,357,263,281,502,410,400
W,175,357,265,286,496,407,397
W,175,358,269,289,479,392,393
W,175,358,252,271,487,379,375
W,175,362,266,280,494,401,399
B,175,362,274,290,513,403,392
W,175,367,262,281,506,405,403
W,176,325,254,272,475,393,381
B,176,329,261,282,489,409,394
W,176,332,243,266,461,386,377
B,176,337,269,288,478,418,393
B,176,340,256,273,490,408,401
W,176,343,257,273,472,400,400
W,176,343,250,274,465,393,391
W,176,343,256,278,489,389,382
W,176,346,260,279,477,409,399
W,176,350,255,283,489,414,409
W,177,320,236,251,491,381,367
W,177,323,256,266,488,393,383
W,177,323,248,271,458,378,374
W,177,329,251,270,470,391,381
W,177,330,253,274,460,398,393
W,177,330,246,265,480,399,395
W,177,331,248,271,480,394,385
W,177,331,248,262,478,377,373
W,177,334,240,258,465,394,392
W,177,334,262,277,461,408,397
W,177,335,255,278,499,419,411
W,177,336,249,269,474,395,379
B,177,336,266,286,517,421,411
W,177,337,243,261,487,395,383
B,177,337,271,290,499,440,424
W,177,338,256,273,490,401,394
W,177,339,240,259,494,385,376
W,177,339,262,284,483,397,391
W,177,339,254,271,486,382,367
W,177,339,259,277,469,385,386
W,177,340,262,282,480,417,408
W,177,340,241,259,483,390,390
W,177,340,258,273,480,394,385
W,177,340,254,282,490,403,402
W,177,340,248,270,472,390,382
W,177,341,253,269,465,400,394
W,177,342,259,278,477,395,391
W,177,343,246,260,470,393,377
W,177,343,259,274,469,396,391
W,177,344,263,283,477,406,395
W,177,346,259,271,477,400,399
W,177,346,251,274,465,405,394
W,177,346,262,278,494,400,398
W,177,347,260,281,492,400,398
W,177,347,257,275,491,414,406
W,177,347,271,291,486,415,400
W,177,348,266,285,476,409,408
B,177,348,275,292,496,421,413
B,177,349,278,291,493,439,413
W,177,350,259,277,494,394,388
W,177,350,265,260,500,415,407
W,177,351,263,282,494,390,385
W,177,354,266,283,476,393,384
W,177,355,255,272,476,400,391
W,177,355,265,281,500,396,392
W,177,355,269,289,476,413,407
W,177,356,278,296,497,413,408
W,177,356,245,259,501,402,398
W,177,356,257,274,486,405,398
W,177,357,265,284,500,423,418
W,177,358,265,278,504,403,395
W,177,358,270,288,478,416,411
W,177,360,262,272,486,400,390
W,177,361,263,279,485,398,392
W,177,363,263,287,486,414,410
W,177,367,260,278,497,404,397
W,178,315,266,279,471,393,386
W,178,320,258,277,477,405,397
W,178,320,252,275,448,379,370
W,178,321,253,270,475,394,394
W,178,325,242,257,462,380,371
W,178,328,250,266,480,401,395
W,178,328,256,275,489,398,390
W,178,329,253,271,477,392,383
W,178,331,241,262,468,378,369
W,178,331,239,257,480,387,386
W,178,332,252,276,484,391,384
B,178,333,256,276,496,411,400
W,178,334,250,269,494,414,401
W,178,334,250,274,482,405,398
W,178,334,241,259,467,371,362
W,178,334,250,265,470,381,377
W,178,334,245,260,489,395,388
W,178,334,265,287,503,432,417
W,178,335,242,257,501,402,395
W,178,335,246,267,472,390,385
W,178,335,247,266,487,379,376
W,178,336,252,275,470,388,381
W,178,337,248,269,484,388,376
W,178,337,249,268,483,395,382
W,178,337,255,275,475,381,389
W,178,337,253,269,493,408,394
W,178,337,245,260,489,382,378
W,178,337,251,268,476,413,405
W,178,338,248,264,481,393,387
W,178,338,246,266,498,399,393
W,178,338,243,262,500,388,383
W,178,339,269,289,485,411,401
W,178,339,264,284,478,414,406
W,178,339,234,249,484,381,372
W,178,340,247,268,475,385,383
W,178,340,250,268,486,383,373
W,178,340,259,280,476,407,402
W,178,340,265,288,481,400,399
W,178,340,251,272,483,404,414
W,178,341,252,270,479,397,384
W,178,341,259,271,481,388,380
W,178,341,257,271,469,378,368
B,178,341,277,297,453,421,416
W,178,342,256,271,475,398,387
W,178,342,258,271,500,396,395
W,178,343,256,276,491,397,386
W,178,343,256,267,493,394,392
W,178,343,264,277,515,400,389
W,178,343,263,286,488,392,387
W,178,343,262,285,496,420,404
B,178,343,274,296,512,436,420
W,178,344,254,270,491,386,382
W,178,344,254,281,492,409,405
W,178,344,257,275,491,400,392
W,178,345,252,270,479,373,369
W,178,345,251,264,483,396,391
W,178,345,270,281,491,399,398
W,178,346,246,262,496,400,390
W,178,346,253,270,484,386,370
W,178,346,270,289,490,421,420
B,178,346,266,286,507,413,408
W,178,347,273,288,481,410,398
W,178,347,253,278,476,370,372
W,178,347,249,267,484,392,388
W,178,348,260,277,485,409,392
W,178,348,270,287,496,407,397
W,178,349,273,289,475,406,392
W,178,349,265,285,467,408,407
W,178,349,250,275,486,397,385
B,178,349,273,288,485,412,407
W,178,352,257,274,474,396,388
W,178,352,264,282,489,408,403
W,178,354,272,295,497,417,412
W,178,355,265,284,484,407,401
W,178,356,257,282,484,422,413
W,178,356,276,291,486,396,395
W,178,357,269,285,489,403,390
W,178,357,254,274,497,401,394
W,178,358,266,281,467,388,387
W,178,359,271,292,502,412,405
W,178,359,265,279,510,443,427
W,178,360,277,297,494,420,415
B,178,360,272,300,507,427,420
W,178,364,260,279,515,417,407
W,179,323,248,270,475,388,384
W,179,331,241,260,479,398,392
W,179,332,241,255,492,395,389
W,179,334,260,280,482,395,380
W,179,334,251,265,462,383,379
W,179,336,252,270,489,388,380
W,179,338,244,261,483,401,391
W,179,338,246,270,497,410,403
W,179,339,241,260,491,396,389
W,179,339,252,273,500,416,417
W,179,339,253,268,490,411,397
W,179,340,263,276,485,392,387
W,179,340,250,272,485,407,400
W,179,340,256,273,496,405,393
W,179,341,264,284,486,402,394
W,179,343,259,277,469,410,402
W,179,343,255,266,498,414,394
W,179,345,271,286,498,410,397
W,179,346,263,281,476,404,392
W,179,347,253,273,487,416,398
W,179,348,266,280,503,422,415
W,179,348,258,280,494,394,390
W,179,348,267,288,480,410,403
W,179,351,264,277,504,417,396
W,179,352,265,284,483,409,403
W,179,352,272,287,516,442,429
W,179,353,262,285,484,401,393
W,179,354,261,280,478,383,380
W,179,355,275,292,504,424,419
W,179,357,251,269,502,409,411
W,180,315,231,249,457,346,342
W,180,320,249,264,467,386,372
W,180,323,250,271,477,406,400
W,180,323,239,263,481,388,382
W,180,325,249,267,452,372,367
W,180,331,259,279,494,404,401
W,180,331,243,262,480,393,385
W,180,334,250,271,483,396,386
W,180,335,257,277,485,412,414
W,180,337,267,288,509,415,411
W,180,337,262,281,470,399,396
W,180,337,258,277,491,407,405
B,180,337,258,283,505,429,425
W,180,338,257,275,469,383,384
W,180,339,255,273,472,390,383
W,180,339,256,278,489,410,396
W,180,339,245,260,474,399,391
W,180,340,271,290,490,407,400
W,180,340,253,272,485,403,395
W,180,341,271,292,472,425,424
B,180,341,264,282,466,401,386
W,180,342,261,280,494,399,392
W,180,342,243,257,490,390,388
W,180,342,265,282,479,407,397
W,180,342,258,279,505,399,391
W,180,342,256,271,491,410,402
B,180,342,268,286,503,432,430
W,180,343,255,281,498,408,402
W,180,343,254,273,498,403,395
W,180,343,247,262,513,415,415
W,180,343,262,273,489,403,394
B,180,343,273,295,485,441,431
W,180,344,254,271,468,394,394
W,180,344,260,279,490,400,394
W,180,344,252,270,487,400,398
W,180,345,263,289,490,411,407
W,180,345,257,272,495,386,385
W,180,346,248,275,496,406,386
W,180,346,256,275,488,407,401
W,180,347,257,279,475,397,382
W,180,347,264,284,503,402,391
W,180,348,261,278,495,405,401
W,180,349,264,279,503,410,401
W,180,349,253,274,501,400,398
W,180,349,264,279,487,418,404
W,180,350,255,273,501,401,389
W,180,350,263,283,504,424,408
W,180,350,270,289,507,404,396
W,180,351,256,279,498,409,405
W,180,351,263,287,490,396,395
W,180,352,252,265,495,394,382
W,180,352,254,272,488,410,404
W,180,352,262,280,501,398,396
W,180,352,264,280,499,415,407
B,180,352,266,284,505,421,410
W,180,353,270,285,484,408,382
W,180,354,263,287,478,409,406
W,180,354,263,284,496,411,401
W,180,356,262,283,496,394,395
W,180,357,264,282,489,407,405
W,180,357,258,275,482,414,402
W,180,357,260,277,491,401,401
W,180,359,258,277,492,411,405
W,180,361,271,300,508,427,423
W,180,361,266,288,495,409,408
W,180,361,263,280,490,425,413
W,180,363,273,296,506,428,417
W,180,364,268,282,513,416,405
B,180,364,275,293,485,433,409
W,180,366,267,276,510,412,403
W,180,367,266,284,508,417,403
B,180,367,283,305,510,424,415
W,180,381,271,293,510,435,429
W,181,335,264,283,507,421,407
W,181,338,254,274,486,395,396
W,181,347,260,278,481,409,405
W,181,349,253,273,496,401,393
W,181,362,273,292,508,417,406
B,181,364,291,312,518,450,439
W,182,338,260,282,496,412,410
W,182,340,256,273,478,381,377
W,182,344,251,270,488,401,391
W,182,344,259,278,504,426,416
W,182,344,255,276,487,394,385
W,182,351,271,294,519,426,417
W,182,351,273,296,501,413,404
W,182,355,264,281,501,402,392
W,182,356,274,294,491,411,408
W,182,358,264,280,488,419,411
W,182,360,259,280,496,403,394
W,182,360,272,295,503,430,422
W,182,361,273,293,511,415,407
W,182,361,273,288,496,424,414
W,182,370,264,280,485,411,396
W,183,327,257,274,464,394,391
W,183,330,253,270,496,403,395
W,183,337,243,264,499,394,387
W,183,337,251,270,500,410,403
W,183,339,258,276,482,399,382
W,183,339,246,266,471,390,384
W,183,340,257,278,477,391,385
W,183,343,260,280,496,406,392
W,183,344,265,277,511,411,392
W,183,344,256,276,509,410,402
W,183,346,261,279,506,416,408
W,183,346,267,284,497,419,404
W,183,347,259,280,493,422,414
W,183,348,260,279,474,406,398
W,183,348,257,277,517,410,406
W,183,348,270,293,512,416,407
W,183,348,266,291,509,411,406
W,183,349,254,264,514,426,411
W,183,349,265,286,500,406,397
W,183,350,254,274,497,394,391
W,183,351,273,293,498,402,394
W,183,351,255,271,494,415,410
W,183,352,267,284,500,404,411
W,183,352,269,289,507,421,413
W,183,352,268,288,525,422,418
W,183,353,270,287,505,427,428
W,183,353,260,280,484,402,400
W,183,353,264,291,490,401,387
W,183,354,272,289,510,442,430
W,183,355,278,301,501,413,413
W,183,355,276,298,486,423,420
W,183,356,269,288,509,411,408
W,183,357,254,268,489,403,400
W,183,357,264,279,494,414,405
W,183,358,260,269,497,402,395
W,183,359,267,283,505,419,412
W,183,359,267,283,481,408,394
W,183,360,261,284,494,409,401
W,183,361,271,287,498,419,418
W,183,361,268,284,508,419,412
W,183,361,254,271,503,409,404
W,183,361,256,281,513,396,382
W,183,361,270,282,500,406,396
W,183,362,273,292,510,412,422
W,183,362,272,295,518,436,423
W,183,362,268,283,521,420,410
W,183,363,269,286,503,417,407
W,183,363,266,282,527,412,404
W,183,364,259,275,501,396,386
W,183,365,278,292,502,416,411
W,183,366,267,280,507,408,398
W,183,367,263,285,510,431,418
W,183,372,275,294,490,440,424
W,183,372,270,283,505,430,404
W,183,374,270,285,493,422,419
W,183,374,275,289,498,432,423
W,183,377,280,295,520,442,422
W,184,307,270,290,502,412,398
W,184,332,246,263,481,402,390
W,184,340,257,280,484,405,392
W,184,343,259,277,486,402,403
B,184,343,291,307,524,445,434
W,184,345,260,280,489,405,403
W,184,347,251,271,498,407,400
W,184,351,265,280,511,429,411
W,184,352,264,292,505,442,423
W,184,352,260,279,518,415,411
W,184,353,262,284,507,431,424
W,184,358,256,275,477,393,383
W,184,363,267,287,515,431,429
W,184,365,270,286,482,434,423
W,184,366,274,294,523,425,428
W,184,373,270,287,521,428,417
W,184,374,280,296,520,418,414
W,185,337,260,273,475,400,388
W,185,338,244,265,492,393,385
W,185,340,263,280,514,418,407
W,185,347,259,280,503,417,412
W,185,353,259,278,504,406,399
W,185,354,272,290,511,424,416
W,185,355,254,274,503,429,422
W,185,356,270,288,528,444,436
W,185,357,271,287,494,415,414
W,185,357,263,284,512,419,403
W,185,358,269,288,497,405,404
W,185,359,264,286,516,435,435
W,185,362,266,285,514,418,412
W,185,365,271,286,534,433,426
W,185,365,264,286,521,442,423
W,185,367,285,298,519,448,439
W,185,368,266,288,503,415,405
W,185,368,280,296,527,427,420
W,185,373,259,276,505,413,406
W,186,366,275,299,506,438,436
W,187,356,268,291,514,429,411
W,187,357,257,281,515,420,411
W,187,364,274,293,506,424,418
B,187,366,289,308,530,449,431
W,187,369,285,306,509,441,434
W,188,341,276,291,522,419,413
W,188,349,256,276,499,398,391
W,188,357,268,285,502,413,410
W,188,357,260,281,509,423,412
B,188,360,277,289,520,444,426
W,188,362,257,280,505,414,406
W,188,366,283,301,524,443,436
W,188,366,275,293,507,419,409
W,188,366,280,303,510,427,424
W,188,368,269,285,523,429,428
W,188,379,272,286,515,435,426
W,188,381,285,300,518,443,435
W,189,354,258,274,523,403,401
W,189,354,271,290,516,426,414
W,189,372,277,300,514,438,432
W,191,370,273,296,534,435,429
