ID,Uln_01,Uln_01R,Uln_04,Uln_04R,Uln_05,Uln_05R,Uln_06,Uln_06R
576,332.5,330,15.5,15.3,20.8,19.8,287.5,288
847,225,230,10.4,10.4,13.6,13.5,197,201
1153,213,215.5,12.7,11.6,16.6,16.7,188,192
UT1-87,276,277,13,13,17,16,239,240
UT10-88,261,265,12,12,17,16,228,225
UT11-93,247,250,15,16,17,17,216,217
UT11-95,245,249,12,12,15,17,216,218
UT12-92,245,247,12,12,14,16,227,225
UT12-94,272,274,14,21,20,15,241,239
UT17-91,265,264,14,18,18,16,240,234
UT17-92,269,273,13,18,18,13,240,242
UT2-81,268,269,15,15,19,19,236,236
UT2-93,272,277,14,15,18,19,245,238
UT20-94,256,253,13,14,15,14,226,225
UT4-91,247,253,14,15,17,16,217,220
UT5-95,264,267,14,16,17,13,233,234
UT6-86,265,267,12,13,17,18,238,238
UT6-97,252,252,10,11,16,17,227,227
UT71-1,235,235,11,10,14,14,211,208
UT74-5,231,235,11,10,12,11,207,210
UT77-9,281,283,14,14,20,20,249,250
UT83-1,236,239,10,12,15,14,206,209
UT85-26,298,300,16,14,22,21,265,267
UT85-35,287,292,13,12,18,18,255,255
UT85-8,259,259,10,10,14,15,232,231
UT86-15,237,237,11,11,14,15,210,209
UT86-30,293,296,15,16,21,21,260,258
UT87-20,276,277,16,15,17,17,245,246
UT87-8,245,245,11,12,14,15,212,216
UT89-1,233,232,9,9,12,12,207,208
UT89-10,270,272,13,13,17,17,238,241
UT89-13/FA-89-67,233,240,10,11,14,14,211,215
UT89-18,280,284,16,15,19,20,248,256
UT89-23,270,272,14,14,17,17,242,241
UT89-9,169,167,8,8,11,10,152,149
UT9-87,273,277,13,14,16,15,244,248
UT90-28,287,283,15,14,20,18,253,251
UT90-34,235,230,11,11,14,14,203,202
UT90-4;FA89-172,258,261,10,10,13,14,232,234
UT90-8,268,275,15,17,16,17,240,244
UT91-10,302,302,14,15,17,19,273,274
UT91-30,261,269,13,14,17,16,226,231
UT91-34,266,266,13,12,17,16,238,238
UT91-36,276,279,14,14,20,19,245,248
UT92-15,278,279,15,17,18,16,247,247
UT93-42,283,284,17,15,16,14,241,242
UT94-10,280,284,16,17,15,15,247,250
UT95-10,241,242,11,11,16,16,214,215
UT95-15,119,119,7,7,8,8,106,107
UT95-25,284,285,13,13,17,18,255,255
UT95-8,273,273,10,15,15,13,244,244
UT97-185,261,261,13,19,19,19,236,236
UT99-3,234,236,11,9,10,12,212,210
UT13-88,282,285,15.6,15.6,20.5,21.3,239,241
RVO2/282B,284,291,12,12.6,17,16.6,252,260
RVO2/276B,250,254,14,14.5,19.4,18,221,224
RVO2/576B,260,262,13.9,13,19.1,17,223,228
RVO2/442B,271,270.5,14,13.8,22.5,21.3,231,230
RVO2/186B,270,274,13.3,13,20.1,19.3,232,236
RVO2/142B,276,276,14.2,15.2,18.7,19.5,239,240
RVO2/180B,270,272,11.9,12.6,18.6,19.3,233,235
RVO2/49B,267,263,17.3,14.9,19.8,18.3,228,225
RVO2/117B,285,286,14.4,13.6,20.8,20.2,246,246
ZJO6/560B,272,273,13.5,13.8,19.3,19.8,236,236
ZJO6/437B,283,283,12.1,12.8,18.4,18.8,247,248
ZJO6/644B,285,288,13.8,14.1,19.6,20.3,247,250
ZJO6/628B,271,269,13.6,12.9,17.3,17.2,236,235
GLO1/353B,281,281,14.5,13.8,18.4,19.2,247,247
ZJO6/582B,270,270,13.1,14,16.5,16.9,231,234
CR12/179B,253,255,15.5,13.9,19.9,19.7,218,221
OLOVO 1/2/1,274,280,14.4,15.5,21.1,20.6,232,236
2002-074,268,265,12,12.3,16.2,17.5,235,235
27-7-20/61062.0,254,258,11.76,11.36,15.01,14.37,224,225
27-7-20/61079.0,232,234,11.38,11.57,16.02,15.58,201,203
93-3-20/48009.0,230,235,10.3,10.79,14.52,14.51,199,204
27-7-20/61022.0,243,248,9.71,10.77,14.89,15.07,212,218
27-7-20/61002.0,226,235,10.45,10.85,13.97,13.92,201,209
2001-008-I-01,260,264,15.4,16.4,15.4,12.9,233,235
2011-078-I-01,279,286,17.2,16.9,16,15.9,243,250
2011-026-I-01,290,298,11,11,16,15,259,266
2011-027-I-01,282,286,19,19,14,16,252,254
2011-028-I-01,256,255,14,16,17,16,228,226
2009-130-I-02,247,253,13,14,16,17,247,253
DS 001,266,272,12.2,12.9,15.3,15.7,239,241
DS 034,261,262,14.6,15.4,15.6,16.8,235,230
DS 035,234,233,14.3,14.2,15.8,15.4,201,200
DS 009,245,251,14.5,15.5,18,19.7,215,220
DS 033,249,251,13.2,15.1,17.5,19.1,220,220
DS 010,219,220,11.2,12.6,12.5,13.5,191,191
DS 007,234.5,240,12.1,11.5,15.1,15,206,210
DS 002,250,252,13.7,15.1,16.9,18.2,221,224
DS 003,253,255,25.7,16.1,17.7,16.9,221,224
DS 004,249,249,13.4,13.7,16.4,14.9,219,220
DS 005,257.5,256.5,12.7,13.5,15.3,16.6,228,226
DS 008,239,244,10.9,12.1,15.5,15.8,216,221
2013-115-I-01,286,286,19,19,14,15,254,254
2013-120-I-01,277,279,15,15,17,16,237,241
2013-151-I-01,274.5,272.5,15.7,15.1,14.4,14.7,242,241
2013-175-I-01,286,284,16,17,13,13,253,250
