ID,Uln_09,Uln_09R,Uln_10,Uln_10R,Uln_11,Uln_11R
576,13.9,13.7,12.1,11.6,28.7,29.5
847,8.6,9.2,8,7.9,22.2,22.2
1153,10,10.2,9.7,9.2,20.3,20.8
1523,9.3,9.3,9.4,9.7,23,22.9
UT13-88,12.6,12.4,10.3,10.1,26.8,28.7
1992-217,12,11.8,10.8,11.1,25.9,25
RVO2/282B,12.1,12,10.9,10.9,23,24
RVO2/276B,11.6,11.4,10.3,10.5,23.8,25.4
RVO2/576B,13,11.9,10.9,10.7,28.6,25.6
RVO2/442B,13,12.5,10.8,11.7,24.1,25.1
RVO2/186B,11.5,11.8,10.4,10.8,25.5,24.5
RVO2/142B,12.2,13,11,10.8,25.5,26
RVO2/180B,11.4,11.4,10.3,10.7,24.1,24.6
RVO2/49B,13.8,12.6,12.5,12.2,26,24.6
RVO2/117B,13.9,14.8,13,12.8,28,28.4
ZJO6/560B,12.5,12.6,11,11.3,26.9,27.1
ZJO6/437B,11.7,12.1,11.7,11.9,24.9,26.5
ZJO6/644B,12,12.2,11.5,11.4,26.9,26.6
ZJO6/628B,10.5,10.8,10.2,10.2,22.9,22.7
GLO1/177B,11.5,11.3,10.4,11.1,24.1,23.8
ZJO6/491B,11.1,11.3,10.3,10.1,22.2,22.8
GLO1/353B,11.5,11.7,11,11.4,27.2,26.9
GLO1/340B,11.1,11.4,10.9,11.4,26.5,26.9
ZJO6/582B,12.8,13.5,11.5,12.5,25.5,24.7
GLO7/031B,10.6,11,9.2,9.1,23.9,23.9
ZJO6/155B,11.2,11.6,10.1,10.6,25.6,26.9
GLO7/026B,12.1,11.8,10,9.9,25.1,25
CR12/179B,12.4,12,11.3,11.3,27,26.6
OLOVO 1/2/1,13.2,13.1,12,11.8,27.6,29.4
OLOVO 1/3/1,11,11.5,10.8,10.8,25.5,26.5
2002-074,10.4,10.4,10.1,10.1,21.5,22.4
2001-006,10.1,10.9,9.5,10.1,24,23.5
27-7-20/61062.0,9.7,9.78,9.11,9.07,20.46,20.74
27-7-20/61079.0,9.81,9.71,8.29,8.54,20.11,19.97
93-3-20/48009.0,8.69,8.45,7.25,7.55,19.15,19.36
27-7-20/61022.0,7.8,8.14,7.74,7.8,20.04,20.18
27-7-20/61002.0,8.17,8.4,7.37,7.28,21.68,20.94
381137,9.9,9.8,8.7,8.8,21.9,21.6
385723,9.3,8.4,8.6,8.3,23.4,23.6
325270,8.5,9.1,8.2,8.5,14.4,16.7
325266,12,12.4,10.8,10.7,24.9,24.2
325268,10.5,10.9,8.8,9.1,24.2,24.1
325269,11.2,11.3,9.9,9.9,23.4,25.1
325267,10.3,10.4,9.9,10,27,26.7
363723,10.8,11,9.4,9.4,20.2,22.1
364426,10.1,10.4,9.1,9.3,22.1,22
364428,9.7,10.1,8.8,9.2,21.7,21.4
2001-008-I-01,10.6,10.3,9.6,9.1,24,23.4
2011-078-I-01,11.7,12.2,10.8,11.1,27.5,27.8
2005-103-C,11,10.7,9,9.3,23.8,22.5